# mode 2: isolated stalls
# frames 5512  ahead 3  rate 44100  channels 2  events 639
# k  wait_return_us  stall_ms_taken_after
0 0 0
1 149323 0
2 288022 0
3 426656 0
4 511999 0
5 650681 0
6 799979 0
7 885319 0
8 1024008 0
9 1162637 0
10 1258645 0
11 1397334 0
12 1535961 0
13 1631969 0
14 1770667 0
15 1909290 0
16 2047958 0
17 2143980 0
18 2282617 0
19 2421286 0
20 2517308 0
21 2655940 0
22 2794619 0
23 2879969 0
24 3018597 0
25 3167937 0
26 3253296 0
27 3391934 0
28 3530599 0
29 3669278 0
30 3765259 0
31 3903922 0
32 4042595 0
33 4138574 0
34 4277244 0
35 4415942 0
36 4511914 0
37 4650571 0
38 4789261 0
39 4885223 0
40 5023897 100
41 5162584 0
42 5301211 0
43 5397227 0
44 5535913 0
45 5674538 0
46 5759881 0
47 5898573 0
48 6037197 0
49 6133207 0
50 6271928 0
51 6410524 0
52 6506534 0
53 6645222 0
54 6783851 0
55 6922524 0
56 7018543 0
57 7157177 0
58 7295849 0
59 7391903 0
60 7530506 0
61 7669174 0
62 7765195 0
63 7903832 0
64 8042495 0
65 8127855 0
66 8266485 0
67 8415832 0
68 8554507 0
69 8639808 0
70 8778481 0
71 8917168 0
72 9013134 0
73 9151841 0
74 9290482 0
75 9386463 0
76 9525137 0
77 9663817 0
78 9759789 0
79 9898462 0
80 10037147 0
81 10175780 100
82 10282110 0
83 10410437 0
84 10549101 0
85 10687774 0
86 10826459 0
87 10922436 0
88 11061121 0
89 11199782 0
90 11285086 0
91 11434428 0
92 11573109 0
93 11658417 0
94 11797094 0
95 11935769 0
96 12031741 0
97 12170414 0
98 12309082 0
99 12447725 0
100 12543741 0
101 12682410 0
102 12821046 0
103 12917071 0
104 13055739 0
105 13194374 0
106 13290387 0
107 13429063 0
108 13567705 0
109 13653045 0
110 13802384 0
111 13941037 0
112 14079700 0
113 14165051 0
114 14303689 0
115 14442358 0
116 14538383 0
117 14677018 0
118 14815681 0
119 14911702 0
120 15050342 0
121 15189006 0
122 15285017 100
123 15423668 0
124 15562339 0
125 15701020 0
126 15796991 0
127 15935662 0
128 16074348 0
129 16170317 0
130 16308986 0
131 16447666 0
132 16532976 0
133 16671646 0
134 16820993 0
135 16906313 0
136 17044978 0
137 17183647 0
138 17322295 0
139 17418300 0
140 17556973 0
141 17695610 0
142 17791622 0
143 17930303 0
144 18068939 0
145 18164954 0
146 18303616 0
147 18442260 0
148 18538279 0
149 18676951 0
150 18815593 0
151 18954264 0
152 19050274 0
153 19188921 0
154 19327603 0
155 19412932 0
156 19551579 0
157 19690244 0
158 19786251 0
159 19924912 0
160 20063572 0
161 20159581 0
162 20298227 0
163 20436899 100
164 20575579 0
165 20671537 0
166 20810217 0
167 20948907 0
168 21087537 0
169 21183553 0
170 21322222 0
171 21460862 0
172 21556881 0
173 21695549 0
174 21834188 0
175 21919534 0
176 22058211 0
177 22207512 0
178 22292862 0
179 22431532 0
180 22570182 0
181 22708845 0
182 22804856 0
183 22943504 0
184 23082173 0
185 23178185 0
186 23316830 0
187 23455495 0
188 23551508 0
189 23690158 0
190 23828828 0
191 23924832 0
192 24063483 0
193 24202157 0
194 24340828 0
195 24436803 0
196 24575506 0
197 24714160 0
198 24799464 0
199 24938131 0
200 25076821 0
201 25172794 0
202 25311465 0
203 25450140 0
204 25546118 100
205 25684800 0
206 25823458 0
207 25962099 0
208 26058115 0
209 26196790 0
210 26335427 0
211 26431439 0
212 26570114 0
213 26708752 0
214 26804766 0
215 26943437 0
216 27082078 0
217 27167421 0
218 27306100 0
219 27455406 0
220 27594076 0
221 27679420 0
222 27818070 0
223 27956732 0
224 28052752 0
225 28191390 0
226 28330060 0
227 28426071 0
228 28564719 0
229 28703391 0
230 28799397 0
231 28938041 0
232 29076722 0
233 29215392 0
234 29311368 0
235 29450035 0
236 29588721 0
237 29684691 0
238 29823364 0
239 29962044 0
240 30047358 0
241 30186021 0
242 30324704 0
243 30420679 0
244 30559349 0
245 30698022 100
246 30836666 0
247 30932651 0
248 31071332 0
249 31209995 0
250 31348662 0
251 31444673 0
252 31583321 0
253 31721986 0
254 31818001 0
255 31956645 0
256 32095313 0
257 32191322 0
258 32329972 0
259 32468638 0
260 32553980 0
261 32692628 0
262 32841966 0
263 32980648 0
264 33065961 0
265 33204620 0
266 33343305 0
267 33439280 0
268 33577947 0
269 33716631 0
270 33812612 0
271 33951275 0
272 34089964 0
273 34185932 0
274 34324607 0
275 34463272 0
276 34601923 0
277 34697953 0
278 34836602 0
279 34975242 0
280 35071252 0
281 35209934 0
282 35348567 0
283 35433915 0
284 35572584 0
285 35711226 0
286 35807241 100
287 35945915 0
288 36084563 0
289 36223224 0
290 36319232 0
291 36457884 0
292 36596546 0
293 36692567 0
294 36831208 0
295 36969874 0
296 37065888 0
297 37204535 0
298 37343197 0
299 37439210 0
300 37577860 0
301 37716537 0
302 37855210 0
303 37940517 0
304 38089853 0
305 38228540 0
306 38313843 0
307 38452510 0
308 38591191 0
309 38687165 0
310 38825838 0
311 38964519 0
312 39060497 0
313 39199170 0
314 39337838 0
315 39476475 0
316 39572493 0
317 39711168 0
318 39849805 0
319 39945817 0
320 40084489 0
321 40223131 0
322 40308473 0
323 40457820 0
324 40596454 0
325 40681812 0
326 40820471 0
327 40959124 100
328 41108463 0
329 41193777 0
330 41332436 0
331 41471115 0
332 41609799 0
333 41705770 0
334 41844442 0
335 41983119 0
336 42079095 0
337 42217770 0
338 42356444 0
339 42452420 0
340 42591092 0
341 42729774 0
342 42825749 0
343 42964422 0
344 43103097 0
345 43241734 0
346 43327075 0
347 43476414 0
348 43615058 0
349 43700402 0
350 43839076 0
351 43977712 0
352 44073727 0
353 44212404 0
354 44351040 0
355 44447051 0
356 44585727 0
357 44724373 0
358 44863051 0
359 44959049 0
360 45097697 0
361 45236362 0
362 45332374 0
363 45471021 0
364 45609690 0
365 45705703 0
366 45844347 0
367 45983016 0
368 46068359 100
369 46207007 0
370 46345676 0
371 46495024 0
372 46580331 0
373 46718999 0
374 46857680 0
375 46953658 0
376 47092323 0
377 47231019 0
378 47326978 0
379 47465646 0
380 47604335 0
381 47700308 0
382 47838980 0
383 47977651 0
384 48116290 0
385 48212313 0
386 48350978 0
387 48489616 0
388 48574962 0
389 48724302 0
390 48862943 0
391 48948290 0
392 49086958 0
393 49225607 0
394 49321629 0
395 49460289 0
396 49598927 0
397 49737598 0
398 49833614 0
399 49972261 0
400 50110925 0
401 50206938 0
402 50345584 0
403 50484250 0
404 50580259 0
405 50718911 0
406 50857575 0
407 50942925 0
408 51092232 0
409 51230905 100
410 51369586 0
411 51454869 0
412 51593558 0
413 51742906 0
414 51881543 0
415 51966896 0
416 52105563 0
417 52244212 0
418 52340216 0
419 52478889 0
420 52617528 0
421 52713540 0
422 52852218 0
423 52990853 0
424 53086867 0
425 53225543 0
426 53364187 0
427 53502856 0
428 53598862 0
429 53737510 0
430 53876179 0
431 53961522 0
432 54110835 0
433 54249502 0
434 54334851 0
435 54473493 0
436 54612162 0
437 54708173 0
438 54846819 0
439 54985502 0
440 55124174 0
441 55220140 0
442 55358816 0
443 55497499 0
444 55593470 0
445 55732137 0
446 55870818 0
447 55966800 0
448 56105469 0
449 56244148 0
450 56340129 100
451 56478799 0
452 56617470 0
453 56756103 0
454 56841452 0
455 56980121 0
456 57129431 0
457 57214780 0
458 57353454 0
459 57492086 0
460 57588103 0
461 57726774 0
462 57865417 0
463 57961426 0
464 58100102 0
465 58238742 0
466 58377417 0
467 58473425 0
468 58612072 0
469 58750738 0
470 58846751 0
471 58985397 0
472 59124062 0
473 59209409 0
474 59358730 0
475 59497387 0
476 59582734 0
477 59721378 0
478 59860057 0
479 59998733 0
480 60094705 0
481 60233373 0
482 60372064 0
483 60468028 0
484 60606698 0
485 60745381 0
486 60841360 0
487 60980027 0
488 61118713 0
489 61214686 0
490 61353363 0
491 61492024 100
492 61630670 0
493 61726657 0
494 61865335 0
495 62004000 0
496 62142666 0
497 62228010 0
498 62366666 0
499 62515988 0
500 62601334 0
501 62739983 0
502 62878649 0
503 62974665 0
504 63113308 0
505 63251973 0
506 63347985 0
507 63486635 0
508 63625302 0
509 63763984 0
510 63859954 0
511 63998628 0
512 64137309 0
513 64233286 0
514 64371957 0
515 64510634 0
516 64595946 0
517 64745281 0
518 64883958 0
519 64969289 0
520 65107955 0
521 65246613 0
522 65385260 0
523 65481265 0
524 65619943 0
525 65758574 0
526 65854589 0
527 65993263 0
528 66131912 0
529 66227917 0
530 66366591 0
531 66505229 0
532 66601241 100
533 66739922 0
534 66878562 0
535 67017226 0
536 67113244 0
537 67251916 0
538 67390551 0
539 67475905 0
540 67614544 0
541 67763879 0
542 67849222 0
543 67987873 0
544 68126541 0
545 68222551 0
546 68361196 0
547 68499873 0
548 68638545 0
549 68734522 0
550 68873191 0
551 69011886 0
552 69107848 0
553 69246514 0
554 69385194 0
555 69481174 0
556 69619839 0
557 69758527 0
558 69843834 0
559 69993168 0
560 70132105 0
561 70270481 0
562 70355829 0
563 70494502 0
564 70633140 0
565 70729153 0
566 70867830 0
567 71006466 0
568 71102483 0
569 71241154 0
570 71379790 0
571 71475811 0
572 71614478 0
573 71753158 100
574 71891812 0
575 71987779 0
576 72126446 0
577 72265117 0
578 72403798 0
579 72499772 0
580 72638444 0
581 72777125 0
582 72862429 0
583 73001111 0
584 73150450 0
585 73235764 0
586 73374427 0
587 73513109 0
588 73609086 0
589 73747756 0
590 73886427 0
591 74025066 0
592 74121084 0
593 74259757 0
594 74398391 0
595 74494413 0
596 74633078 0
597 74771717 0
598 74867731 0
599 75006400 0
600 75145055 0
601 75230392 0
602 75379729 0
603 75518382 0
604 75657041 0
605 75742388 0
606 75881032 0
607 76019698 0
608 76115715 0
609 76254362 0
610 76393025 0
611 76489046 0
612 76627683 0
613 76766358 0
614 76862362 100
615 77001007 0
616 77139684 0
617 77278374 0
618 77374337 0
619 77513011 0
620 77651687 0
621 77747662 0
622 77886328 0
623 78025013 0
624 78110317 0
625 78248991 0
626 78398337 0
627 78483645 0
628 78622320 0
629 78760992 0
630 78899627 0
631 78995644 0
632 79134319 0
633 79272956 0
634 79368975 0
635 79507642 0
636 79646285 0
637 79742295 0
638 79880968 0
# stall_ms 100  spacing 41  first_frames 0
