# mode 2: isolated stalls
# frames 5512  ahead 3  rate 44100  channels 2  events 639
# k  wait_return_us  stall_ms_taken_after
0 0 0
1 138661 0
2 277354 0
3 415989 0
4 501332 0
5 640015 0
6 789318 0
7 874654 0
8 1013347 0
9 1151970 0
10 1247984 0
11 1386673 0
12 1525296 0
13 1621306 0
14 1760005 0
15 1898624 0
16 2037300 0
17 2133319 0
18 2271953 0
19 2410631 0
20 2506650 0
21 2645277 0
22 2783949 0
23 2869304 0
24 3007931 0
25 3157273 0
26 3242638 0
27 3381261 0
28 3519938 0
29 3658619 0
30 3754589 0
31 3893258 0
32 4031933 0
33 4127910 0
34 4266583 0
35 4405315 0
36 4501239 0
37 4639908 0
38 4778590 0
39 4874559 0
40 5013240 90
41 5151925 0
42 5290550 0
43 5386570 0
44 5525244 0
45 5663873 0
46 5749228 0
47 5887907 0
48 6026530 0
49 6122543 0
50 6261234 0
51 6399861 0
52 6495871 0
53 6634570 0
54 6773194 0
55 6911860 0
56 7007878 0
57 7146513 0
58 7285218 0
59 7381207 0
60 7519842 0
61 7658508 0
62 7754543 0
63 7893166 0
64 8031835 0
65 8117192 0
66 8255824 0
67 8405394 0
68 8543844 0
69 8629145 0
70 8767837 0
71 8906503 0
72 9002473 0
73 9141145 0
74 9279826 0
75 9375803 0
76 9514474 0
77 9653152 0
78 9749126 0
79 9887802 0
80 10026486 0
81 10165107 90
82 10265446 0
83 10399772 0
84 10538437 0
85 10677110 0
86 10815797 0
87 10911767 0
88 11050436 0
89 11189119 0
90 11274423 0
91 11423762 0
92 11562450 0
93 11647760 0
94 11786430 0
95 11925101 0
96 12021078 0
97 12159752 0
98 12298419 0
99 12437062 0
100 12533077 0
101 12671744 0
102 12810395 0
103 12906403 0
104 13045074 0
105 13183710 0
106 13279724 0
107 13418402 0
108 13557038 0
109 13642383 0
110 13791723 0
111 13930372 0
112 14069038 0
113 14154381 0
114 14293027 0
115 14431700 0
116 14527711 0
117 14666352 0
118 14805020 0
119 14901028 0
120 15039680 0
121 15178345 0
122 15274358 90
123 15413029 0
124 15551679 0
125 15690352 0
126 15786327 0
127 15925002 0
128 16063682 0
129 16159654 0
130 16298324 0
131 16437005 0
132 16522316 0
133 16660985 0
134 16810331 0
135 16895647 0
136 17034314 0
137 17172985 0
138 17311628 0
139 17407638 0
140 17546315 0
141 17684946 0
142 17780959 0
143 17919636 0
144 18058284 0
145 18154288 0
146 18292957 0
147 18431599 0
148 18527615 0
149 18666286 0
150 18804931 0
151 18943599 0
152 19039613 0
153 19178258 0
154 19316923 0
155 19402271 0
156 19540918 0
157 19679585 0
158 19775592 0
159 19914242 0
160 20052910 0
161 20148921 0
162 20287568 0
163 20426239 90
164 20564919 0
165 20660872 0
166 20799556 0
167 20938238 0
168 21076876 0
169 21172890 0
170 21311561 0
171 21450202 0
172 21546217 0
173 21684891 0
174 21823526 0
175 21908879 0
176 22058214 0
177 22196851 0
178 22282196 0
179 22420872 0
180 22559521 0
181 22698187 0
182 22794197 0
183 22932844 0
184 23071508 0
185 23167520 0
186 23306168 0
187 23444838 0
188 23540848 0
189 23679497 0
190 23818163 0
191 23914176 0
192 24052818 0
193 24191491 0
194 24330168 0
195 24426140 0
196 24564814 0
197 24703496 0
198 24788800 0
199 24927479 0
200 25066153 0
201 25162132 0
202 25300804 0
203 25439476 0
204 25535479 90
205 25674136 0
206 25812800 0
207 25951444 0
208 26047454 0
209 26186127 0
210 26324764 0
211 26420776 0
212 26559456 0
213 26698091 0
214 26794102 0
215 26932780 0
216 27071412 0
217 27156761 0
218 27295435 0
219 27444746 0
220 27583415 0
221 27668760 0
222 27807404 0
223 27946082 0
224 28042086 0
225 28180731 0
226 28319398 0
227 28415409 0
228 28554058 0
229 28692724 0
230 28788735 0
231 28927379 0
232 29066059 0
233 29204733 0
234 29300707 0
235 29439373 0
236 29578060 0
237 29674032 0
238 29812701 0
239 29951382 0
240 30036691 0
241 30175362 0
242 30314048 0
243 30410019 0
244 30548693 0
245 30687363 90
246 30826005 0
247 30921990 0
248 31060664 0
249 31199344 0
250 31338003 0
251 31434011 0
252 31572660 0
253 31711330 0
254 31807343 0
255 31945984 0
256 32084652 0
257 32180664 0
258 32319310 0
259 32457982 0
260 32543320 0
261 32681968 0
262 32831305 0
263 32969988 0
264 33055296 0
265 33193962 0
266 33332647 0
267 33428617 0
268 33567287 0
269 33705979 0
270 33801948 0
271 33940617 0
272 34079299 0
273 34175274 0
274 34313943 0
275 34452617 0
276 34591255 0
277 34687270 0
278 34825948 0
279 34964580 0
280 35060596 0
281 35199268 0
282 35337908 0
283 35423254 0
284 35561928 0
285 35700571 0
286 35796581 90
287 35935265 0
288 36073899 0
289 36212565 0
290 36308574 0
291 36447220 0
292 36585889 0
293 36681912 0
294 36820550 0
295 36959215 0
296 37055234 0
297 37193867 0
298 37332537 0
299 37428554 0
300 37567197 0
301 37705872 0
302 37844551 0
303 37929854 0
304 38079197 0
305 38217870 0
306 38303174 0
307 38441846 0
308 38580530 0
309 38676507 0
310 38815172 0
311 38953837 0
312 39049842 0
313 39188505 0
314 39327177 0
315 39465816 0
316 39561829 0
317 39700503 0
318 39839144 0
319 39935168 0
320 40073837 0
321 40212466 0
322 40297815 0
323 40447158 0
324 40585792 0
325 40671142 0
326 40809814 0
327 40948459 90
328 41097806 0
329 41183111 0
330 41321777 0
331 41460454 0
332 41599132 0
333 41695112 0
334 41833778 0
335 41972463 0
336 42068433 0
337 42207105 0
338 42345787 0
339 42441759 0
340 42580432 0
341 42719111 0
342 42815090 0
343 42953760 0
344 43092438 0
345 43231066 0
346 43316418 0
347 43465758 0
348 43604394 0
349 43689743 0
350 43828420 0
351 43967050 0
352 44063066 0
353 44201744 0
354 44340376 0
355 44436392 0
356 44575061 0
357 44713713 0
358 44852382 0
359 44948387 0
360 45087038 0
361 45225707 0
362 45321716 0
363 45460360 0
364 45599032 0
365 45695042 0
366 45833694 0
367 45972353 0
368 46057699 90
369 46196343 0
370 46335017 0
371 46484363 0
372 46569671 0
373 46708344 0
374 46847029 0
375 46942996 0
376 47081662 0
377 47220349 0
378 47316319 0
379 47454988 0
380 47593676 0
381 47689652 0
382 47828323 0
383 47966993 0
384 48105635 0
385 48201648 0
386 48340319 0
387 48478955 0
388 48564301 0
389 48713645 0
390 48852286 0
391 48937630 0
392 49076299 0
393 49214941 0
394 49310954 0
395 49449626 0
396 49588269 0
397 49726940 0
398 49822950 0
399 49961600 0
400 50100265 0
401 50196284 0
402 50334923 0
403 50473590 0
404 50569601 0
405 50708253 0
406 50846916 0
407 50932264 0
408 51081572 0
409 51220250 90
410 51358930 0
411 51444209 0
412 51582900 0
413 51732248 0
414 51870887 0
415 51956234 0
416 52094901 0
417 52233547 0
418 52329557 0
419 52468226 0
420 52606869 0
421 52702884 0
422 52841560 0
423 52980193 0
424 53076206 0
425 53214884 0
426 53353526 0
427 53492193 0
428 53588204 0
429 53726854 0
430 53865522 0
431 53950863 0
432 54100176 0
433 54238851 0
434 54324191 0
435 54462833 0
436 54601502 0
437 54697513 0
438 54836165 0
439 54974831 0
440 55113511 0
441 55209490 0
442 55348156 0
443 55486832 0
444 55582812 0
445 55721478 0
446 55860172 0
447 55956145 0
448 56094810 0
449 56233495 0
450 56329464 90
451 56468141 0
452 56606811 0
453 56745446 0
454 56830799 0
455 56969466 0
456 57118772 0
457 57204118 0
458 57342797 0
459 57481431 0
460 57577444 0
461 57716117 0
462 57854759 0
463 57950774 0
464 58089445 0
465 58228085 0
466 58366760 0
467 58462767 0
468 58601412 0
469 58740083 0
470 58836099 0
471 58974743 0
472 59113408 0
473 59198754 0
474 59348067 0
475 59486733 0
476 59572077 0
477 59710721 0
478 59849401 0
479 59988081 0
480 60084045 0
481 60222718 0
482 60361408 0
483 60457371 0
484 60596043 0
485 60734722 0
486 60830700 0
487 60969370 0
488 61108053 0
489 61204031 0
490 61342702 0
491 61481371 90
492 61620017 0
493 61716005 0
494 61854676 0
495 61993346 0
496 62132007 0
497 62217357 0
498 62356003 0
499 62505339 0
500 62590681 0
501 62729326 0
502 62867993 0
503 62964008 0
504 63102653 0
505 63241318 0
506 63337339 0
507 63475976 0
508 63614646 0
509 63753334 0
510 63849302 0
511 63987974 0
512 64126657 0
513 64222626 0
514 64361299 0
515 64499979 0
516 64585289 0
517 64734624 0
518 64873305 0
519 64958614 0
520 65097291 0
521 65235954 0
522 65374598 0
523 65470612 0
524 65609287 0
525 65747920 0
526 65843937 0
527 65982621 0
528 66121249 0
529 66217260 0
530 66355943 0
531 66494569 0
532 66590586 90
533 66729270 0
534 66867905 0
535 67006570 0
536 67102586 0
537 67241229 0
538 67379898 0
539 67465275 0
540 67603888 0
541 67753226 0
542 67838568 0
543 67977217 0
544 68115884 0
545 68211891 0
546 68350544 0
547 68489215 0
548 68627894 0
549 68723878 0
550 68862533 0
551 69001223 0
552 69097190 0
553 69235860 0
554 69374547 0
555 69470514 0
556 69609185 0
557 69747863 0
558 69833180 0
559 69982517 0
560 70121188 0
561 70259826 0
562 70345202 0
563 70483849 0
564 70622486 0
565 70718500 0
566 70857180 0
567 70995809 0
568 71091828 0
569 71230495 0
570 71369142 0
571 71465156 0
572 71603819 0
573 71742470 90
574 71881139 0
575 71977148 0
576 72115798 0
577 72254459 0
578 72350471 0
579 72489119 0
580 72627787 0
581 72713130 0
582 72851775 0
583 72990446 0
584 73086465 0
585 73225101 0
586 73363766 0
587 73459788 0
588 73598427 0
589 73737095 0
590 73875779 0
591 73971752 0
592 74110423 0
593 74249105 0
594 74345075 0
595 74483748 0
596 74622432 0
597 74718407 0
598 74857077 0
599 74995759 0
600 75081064 0
601 75219737 0
602 75369077 0
603 75507717 0
604 75593059 0
605 75731736 0
606 75870372 0
607 75966389 0
608 76105073 0
609 76243698 0
610 76339712 0
611 76478391 0
612 76617020 0
613 76713038 0
614 76851713 90
615 76990354 0
616 77129025 0
617 77225038 0
618 77363681 0
619 77502349 0
620 77598357 0
621 77737007 0
622 77875673 0
623 77961017 0
624 78099670 0
625 78238339 0
626 78334345 0
627 78472996 0
628 78611661 0
629 78750343 0
630 78846319 0
631 78984981 0
632 79123666 0
633 79219642 0
634 79358310 0
635 79496995 0
636 79592965 0
637 79731635 0
638 79870317 0
# stall_ms 90  spacing 41  first_frames 0
