# mode 2: isolated stalls
# frames 5512  ahead 3  rate 44100  channels 2  events 641
# k  wait_return_us  stall_ms_taken_after
0 0 0
1 138666 0
2 277339 0
3 415996 0
4 511997 0
5 650682 0
6 789325 0
7 885317 0
8 1024006 0
9 1162656 0
10 1258642 0
11 1397337 0
12 1535973 0
13 1631972 0
14 1770657 0
15 1909297 0
16 2047967 0
17 2133318 0
18 2271956 0
19 2421298 0
20 2506634 0
21 2645281 0
22 2783950 0
23 2879964 0
24 3018610 0
25 3157280 0
26 3253294 0
27 3391948 0
28 3530598 0
29 3669293 0
30 3765254 0
31 3903920 0
32 4042623 0
33 4138583 0
34 4277249 0
35 4415947 0
36 4501244 0
37 4650572 0
38 4789268 0
39 4874562 0
40 5013246 100
41 5151917 0
42 5290560 0
43 5386565 0
44 5525238 0
45 5663886 0
46 5759880 0
47 5898569 0
48 6037213 0
49 6133207 0
50 6271889 0
51 6410545 0
52 6506528 0
53 6645219 0
54 6783857 0
55 6922529 0
56 7018543 0
57 7157187 0
58 7295855 0
59 7381194 0
60 7519843 0
61 7669182 0
62 7754523 0
63 7893172 0
64 8031837 0
65 8127855 0
66 8266491 0
67 8405156 0
68 8543849 0
69 8639819 0
70 8778483 0
71 8917175 0
72 9013146 0
73 9151812 0
74 9290498 0
75 9386469 0
76 9525139 0
77 9663853 0
78 9749128 0
79 9887792 0
80 10037149 0
81 10175796 100
82 10280368 0
83 10399805 0
84 10538452 0
85 10634441 0
86 10773130 0
87 10911775 0
88 11007770 0
89 11146453 0
90 11285099 0
91 11381091 0
92 11519780 0
93 11658423 0
94 11754416 0
95 11893106 0
96 12031746 0
97 12170419 0
98 12266429 0
99 12405069 0
100 12543744 0
101 12629087 0
102 12767728 0
103 12906402 0
104 13002410 0
105 13141054 0
106 13279724 0
107 13375737 0
108 13514381 0
109 13653043 0
110 13791739 0
111 13887703 0
112 14026372 0
113 14165075 0
114 14261033 0
115 14399694 0
116 14538389 0
117 14634355 0
118 14773023 0
119 14911717 0
120 14997015 0
121 15135682 0
122 15285033 100
123 15423687 0
124 15509009 0
125 15647690 0
126 15786334 0
127 15882331 0
128 16021011 0
129 16159667 0
130 16255654 0
131 16394340 0
132 16532992 0
133 16628982 0
134 16767661 0
135 16906307 0
136 17044975 0
137 17140994 0
138 17279629 0
139 17418301 0
140 17503653 0
141 17652960 0
142 17791625 0
143 17876975 0
144 18015615 0
145 18154289 0
146 18250302 0
147 18388941 0
148 18527612 0
149 18666302 0
150 18762268 0
151 18900929 0
152 19039630 0
153 19135592 0
154 19274256 0
155 19412950 0
156 19508916 0
157 19647585 0
158 19786272 0
159 19882243 0
160 20020908 0
161 20159597 0
162 20298238 0
163 20383564 100
164 20522248 0
165 20671566 0
166 20756889 0
167 20895580 0
168 21034221 0
169 21130217 0
170 21268905 0
171 21407549 0
172 21503539 0
173 21642231 0
174 21780872 0
175 21876863 0
176 22015556 0
177 22154196 0
178 22292863 0
179 22388877 0
180 22527518 0
181 22666192 0
182 22751535 0
183 22900841 0
184 23039512 0
185 23124860 0
186 23263506 0
187 23402173 0
188 23498181 0
189 23636833 0
190 23775489 0
191 23914184 0
192 24010173 0
193 24148819 0
194 24287525 0
195 24383478 0
196 24522143 0
197 24660844 0
198 24756799 0
199 24895468 0
200 25034163 0
201 25119460 0
202 25268794 0
203 25407483 0
204 25546126 100
205 25650359 0
206 25770144 0
207 25919449 0
208 26004776 0
209 26143466 0
210 26282107 0
211 26378102 0
212 26516788 0
213 26655441 0
214 26751426 0
215 26890114 0
216 27028756 0
217 27167428 0
218 27263435 0
219 27402083 0
220 27540750 0
221 27636773 0
222 27775402 0
223 27914074 0
224 27999417 0
225 28138065 0
226 28287399 0
227 28372751 0
228 28511389 0
229 28650056 0
230 28788732 0
231 28884717 0
232 29023377 0
233 29162074 0
234 29258041 0
235 29396705 0
236 29535397 0
237 29631373 0
238 29770040 0
239 29908730 0
240 30004687 0
241 30143360 0
242 30282038 0
243 30420690 0
244 30516677 0
245 30655377 100
246 30794019 0
247 30879343 0
248 31018021 0
249 31156672 0
250 31252663 0
251 31391358 0
252 31529993 0
253 31625988 0
254 31764679 0
255 31903315 0
256 31999292 0
257 32138014 0
258 32276643 0
259 32415311 0
260 32511325 0
261 32649968 0
262 32788642 0
263 32884651 0
264 33023290 0
265 33161963 0
266 33247306 0
267 33385952 0
268 33535291 0
269 33620633 0
270 33759275 0
271 33897942 0
272 34036628 0
273 34132603 0
274 34277046 0
275 34409962 0
276 34505923 0
277 34644595 0
278 34783286 0
279 34879249 0
280 35017917 0
281 35156612 0
282 35252579 0
283 35391248 0
284 35529924 0
285 35668574 0
286 35753905 100
287 35903254 0
288 36041901 0
289 36127224 0
290 36265913 0
291 36404562 0
292 36500550 0
293 36639237 0
294 36777886 0
295 36873876 0
296 37012558 0
297 37151204 0
298 37289874 0
299 37385889 0
300 37524528 0
301 37663209 0
302 37759219 0
303 37897855 0
304 38036519 0
305 38132539 0
306 38271179 0
307 38409853 0
308 38495197 0
309 38633835 0
310 38772507 0
311 38921863 0
312 39007158 0
313 39145828 0
314 39284522 0
315 39380488 0
316 39519156 0
317 39657847 0
318 39753827 0
319 39892479 0
320 40031170 0
321 40127140 0
322 40265805 0
323 40404491 0
324 40543136 0
325 40639131 0
326 40777821 0
327 40916462 100
328 41020371 0
329 41151140 0
330 41289784 0
331 41375114 0
332 41513801 0
333 41652449 0
334 41748437 0
335 41887129 0
336 42025763 0
337 42164435 0
338 42260447 0
339 42399091 0
340 42537763 0
341 42633780 0
342 42772421 0
343 42911090 0
344 43007099 0
345 43145744 0
346 43284411 0
347 43369764 0
348 43519070 0
349 43657738 0
350 43743080 0
351 43881730 0
352 44020392 0
353 44159080 0
354 44255049 0
355 44393746 0
356 44532409 0
357 44628373 0
358 44767038 0
359 44905737 0
360 45001702 0
361 45140369 0
362 45279056 0
363 45375030 0
364 45513698 0
365 45652377 0
366 45791031 0
367 45887018 0
368 46025701 100
369 46164355 0
370 46249674 0
371 46388371 0
372 46537678 0
373 46622999 0
374 46761684 0
375 46900341 0
376 46996327 0
377 47135010 0
378 47273650 0
379 47412330 0
380 47508334 0
381 47646995 0
382 47785647 0
383 47881664 0
384 48020305 0
385 48158973 0
386 48254987 0
387 48393635 0
388 48532303 0
389 48617647 0
390 48766951 0
391 48905622 0
392 49044310 0
393 49129618 0
394 49268278 0
395 49406975 0
396 49502937 0
397 49641608 0
398 49780296 0
399 49876270 0
400 50014931 0
401 50153631 0
402 50249586 0
403 50388255 0
404 50526937 0
405 50665584 0
406 50761575 0
407 50900271 0
408 51038908 0
409 51134907 100
410 51273584 0
411 51412238 0
412 51497565 0
413 51636255 0
414 51785561 0
415 51870897 0
416 52009576 0
417 52148219 0
418 52286882 0
419 52382900 0
420 52521539 0
421 52660215 0
422 52756219 0
423 52894872 0
424 53033536 0
425 53129549 0
426 53268189 0
427 53406860 0
428 53502874 0
429 53641518 0
430 53780183 0
431 53865535 0
432 54004174 0
433 54153513 0
434 54292200 0
435 54377498 0
436 54516188 0
437 54654863 0
438 54750826 0
439 54889500 0
440 55028178 0
441 55124153 0
442 55262819 0
443 55401507 0
444 55497474 0
445 55636143 0
446 55774824 0
447 55913480 0
448 56009465 0
449 56148155 0
450 56286797 100
451 56390368 0
452 56521477 0
453 56660136 0
454 56745450 0
455 56884135 0
456 57022786 0
457 57118776 0
458 57257466 0
459 57396097 0
460 57534773 0
461 57630796 0
462 57769428 0
463 57908096 0
464 58004112 0
465 58142756 0
466 58281426 0
467 58377435 0
468 58516083 0
469 58654756 0
470 58750762 0
471 58889402 0
472 59028069 0
473 59166762 0
474 59252060 0
475 59401400 0
476 59540099 0
477 59625385 0
478 59764051 0
479 59902744 0
480 59998718 0
481 60137379 0
482 60276071 0
483 60372038 0
484 60510710 0
485 60649393 0
486 60788034 0
487 60884024 0
488 61022719 0
489 61161358 0
490 61257352 0
491 61396042 100
492 61534692 0
493 61620021 0
494 61769364 0
495 61908010 0
496 61993339 0
497 62132021 0
498 62270664 0
499 62409330 0
500 62505353 0
501 62643990 0
502 62782661 0
503 62878673 0
504 63017315 0
505 63155981 0
506 63251997 0
507 63390640 0
508 63529315 0
509 63625322 0
510 63763965 0
511 63902629 0
512 63998629 0
513 64137283 0
514 64275953 0
515 64414649 0
516 64499944 0
517 64638621 0
518 64787974 0
519 64873273 0
520 65011944 0
521 65150628 0
522 65246598 0
523 65385266 0
524 65523954 0
525 65619925 0
526 65758587 0
527 65897276 0
528 66035924 0
529 66131915 0
530 66270602 0
531 66409243 0
532 66505237 100
533 66643926 0
534 66782572 0
535 66867898 0
536 67017259 0
537 67155896 0
538 67241221 0
539 67379912 0
540 67518549 0
541 67657223 0
542 67753233 0
543 67891874 0
544 68030550 0
545 68126558 0
546 68265198 0
547 68403870 0
548 68499883 0
549 68638526 0
550 68777197 0
551 68873210 0
552 69011849 0
553 69150517 0
554 69289208 0
555 69385177 0
556 69523840 0
557 69662537 0
558 69747843 0
559 69886500 0
560 70035868 0
561 70121159 0
562 70259824 0
563 70398524 0
564 70494485 0
565 70633156 0
566 70771835 0
567 70910482 0
568 71006472 0
569 71145165 0
570 71283806 0
571 71379803 0
572 71518488 0
573 71657135 100
574 71760362 0
575 71891818 0
576 72030454 0
577 72115789 0
578 72254472 0
579 72403780 0
580 72542447 0
581 72627798 0
582 72766441 0
583 72905105 0
584 73001121 0
585 73139763 0
586 73278431 0
587 73374446 0
588 73513086 0
589 73651759 0
590 73747773 0
591 73886414 0
592 74025078 0
593 74163774 0
594 74259735 0
595 74398400 0
596 74537098 0
597 74633065 0
598 74771742 0
599 74910427 0
600 74995722 0
601 75134392 0
602 75273080 0
603 75369045 0
604 75507712 0
605 75646410 0
606 75742374 0
607 75881042 0
608 76019721 0
609 76158373 0
610 76254360 0
611 76393050 0
612 76531692 0
613 76627688 0
614 76766377 100
615 76905027 0
616 77001015 0
617 77139709 0
618 77278342 0
619 77363673 0
620 77502359 0
621 77651669 0
622 77790339 0
623 77875683 0
624 78014324 0
625 78153000 0
626 78249008 0
627 78387648 0
628 78526320 0
629 78622335 0
630 78760977 0
631 78899645 0
632 78995655 0
633 79134312 0
634 79272965 0
635 79411658 0
636 79507622 0
637 79646291 0
638 79784987 0
639 79870289 0
640 80019613 0
# stall_ms 100  spacing 41  first_frames 4096
