# mode 2: isolated stalls
# frames 5512  ahead 3  rate 44100  channels 2  events 640
# k  wait_return_us  stall_ms_taken_after
0 0 0
1 138649 0
2 277338 0
3 415992 0
4 511988 0
5 650672 0
6 789317 0
7 885312 0
8 1024015 0
9 1162641 0
10 1258634 0
11 1397328 0
12 1535971 0
13 1631963 0
14 1770652 0
15 1909291 0
16 2047964 0
17 2133307 0
18 2271946 0
19 2421289 0
20 2506635 0
21 2645276 0
22 2783942 0
23 2879959 0
24 3018602 0
25 3157270 0
26 3253293 0
27 3391929 0
28 3530590 0
29 3669281 0
30 3765248 0
31 3903917 0
32 4042611 0
33 4138578 0
34 4277245 0
35 4415940 0
36 4501233 0
37 4650569 0
38 4789261 0
39 4874560 0
40 5013235 140
41 5154296 0
42 5290559 0
43 5386554 0
44 5525236 0
45 5663882 0
46 5759875 0
47 5898560 0
48 6037208 0
49 6133203 0
50 6271884 0
51 6410538 0
52 6506524 0
53 6645215 0
54 6783853 0
55 6922521 0
56 7018557 0
57 7157179 0
58 7295853 0
59 7381210 0
60 7519837 0
61 7669177 0
62 7754521 0
63 7893160 0
64 8031831 0
65 8127851 0
66 8266487 0
67 8405159 0
68 8543848 0
69 8639810 0
70 8778477 0
71 8917173 0
72 9013140 0
73 9151803 0
74 9290493 0
75 9386469 0
76 9525128 0
77 9663818 0
78 9749123 0
79 9887789 0
80 10037140 0
81 10175786 140
82 10324355 0
83 10399782 0
84 10538430 0
85 10677100 0
86 10826459 0
87 10911760 0
88 11050433 0
89 11189121 0
90 11285092 0
91 11423760 0
92 11562449 0
93 11658415 0
94 11797084 0
95 11935772 0
96 12031743 0
97 12170409 0
98 12309089 0
99 12447740 0
100 12543727 0
101 12682417 0
102 12821062 0
103 12906390 0
104 13055739 0
105 13194389 0
106 13279711 0
107 13418406 0
108 13557045 0
109 13653036 0
110 13791727 0
111 13930363 0
112 14069035 0
113 14165054 0
114 14303691 0
115 14442366 0
116 14538371 0
117 14677016 0
118 14815687 0
119 14911698 0
120 15050367 0
121 15189012 0
122 15285030 140
123 15434455 0
124 15562330 0
125 15701020 0
126 15786325 0
127 15924991 0
128 16074352 0
129 16159653 0
130 16298318 0
131 16437009 0
132 16532978 0
133 16671643 0
134 16810333 0
135 16906303 0
136 17044971 0
137 17183656 0
138 17322298 0
139 17418290 0
140 17556983 0
141 17695621 0
142 17791615 0
143 17930309 0
144 18068950 0
145 18154278 0
146 18292961 0
147 18442275 0
148 18527605 0
149 18666285 0
150 18804932 0
151 18943599 0
152 19039609 0
153 19178256 0
154 19316924 0
155 19412940 0
156 19551584 0
157 19690247 0
158 19786266 0
159 19924901 0
160 20063573 0
161 20159587 0
162 20298233 0
163 20436894 140
164 20584285 0
165 20671534 0
166 20810212 0
167 20948907 0
168 21087556 0
169 21172876 0
170 21311569 0
171 21460874 0
172 21546209 0
173 21684886 0
174 21823535 0
175 21919533 0
176 22058221 0
177 22196862 0
178 22292853 0
179 22431539 0
180 22570186 0
181 22708850 0
182 22804875 0
183 22943506 0
184 23082177 0
185 23178193 0
186 23316831 0
187 23455501 0
188 23540858 0
189 23690155 0
190 23828828 0
191 23914173 0
192 24052819 0
193 24191480 0
194 24330179 0
195 24426138 0
196 24564815 0
197 24703504 0
198 24799467 0
199 24938131 0
200 25076831 0
201 25172816 0
202 25311462 0
203 25450151 0
204 25546130 140
205 25694362 0
206 25823469 0
207 25962112 0
208 26058112 0
209 26196799 0
210 26335444 0
211 26420762 0
212 26559461 0
213 26708762 0
214 26794092 0
215 26932774 0
216 27071424 0
217 27167419 0
218 27306103 0
219 27444740 0
220 27583418 0
221 27679432 0
222 27818071 0
223 27956736 0
224 28052759 0
225 28191392 0
226 28330066 0
227 28426081 0
228 28564728 0
229 28703386 0
230 28788734 0
231 28927376 0
232 29082769 0
233 29215410 0
234 29300708 0
235 29439369 0
236 29578076 0
237 29674037 0
238 29812696 0
239 29951388 0
240 30047351 0
241 30186022 0
242 30324717 0
243 30420678 0
244 30559346 0
245 30698037 140
246 30844305 0
247 30932646 0
248 31071328 0
249 31209998 0
250 31348665 0
251 31444682 0
252 31583323 0
253 31721993 0
254 31807341 0
255 31945979 0
256 32095316 0
257 32180666 0
258 32319308 0
259 32457976 0
260 32553986 0
261 32692635 0
262 32831297 0
263 32969990 0
264 33065956 0
265 33204625 0
266 33343316 0
267 33439280 0
268 33577947 0
269 33716645 0
270 33812606 0
271 33951271 0
272 34089969 0
273 34175267 0
274 34324605 0
275 34463283 0
276 34601927 0
277 34687260 0
278 34825947 0
279 34964587 0
280 35060580 0
281 35199272 0
282 35337924 0
283 35433905 0
284 35572590 0
285 35711242 0
286 35807235 140
287 35954279 0
288 36084558 0
289 36223230 0
290 36319244 0
291 36457884 0
292 36596553 0
293 36692578 0
294 36831212 0
295 36969878 0
296 37055232 0
297 37193862 0
298 37343204 0
299 37428555 0
300 37567194 0
301 37705863 0
302 37844550 0
303 37940517 0
304 38079183 0
305 38217876 0
306 38313844 0
307 38452515 0
308 38591200 0
309 38687174 0
310 38825836 0
311 38964526 0
312 39060493 0
313 39199161 0
314 39337849 0
315 39476492 0
316 39561822 0
317 39711177 0
318 39849815 0
319 39935142 0
320 40073826 0
321 40212477 0
322 40308474 0
323 40447157 0
324 40585796 0
325 40681795 0
326 40820489 0
327 40959118 140
328 41104347 0
329 41193784 0
330 41332443 0
331 41471112 0
332 41609802 0
333 41705778 0
334 41844440 0
335 41983129 0
336 42079099 0
337 42217759 0
338 42356457 0
339 42441758 0
340 42580424 0
341 42729787 0
342 42815082 0
343 42953747 0
344 43092434 0
345 43231075 0
346 43327075 0
347 43465760 0
348 43604403 0
349 43700395 0
350 43839085 0
351 43977726 0
352 44073718 0
353 44212407 0
354 44351056 0
355 44447051 0
356 44585732 0
357 44724399 0
358 44863044 0
359 44959057 0
360 45097697 0
361 45236369 0
362 45321718 0
363 45460368 0
364 45599026 0
365 45695040 0
366 45833685 0
367 45972354 0
368 46068368 140
369 46214323 0
370 46345675 0
371 46484370 0
372 46580334 0
373 46718997 0
374 46857695 0
375 46953660 0
376 47092327 0
377 47231017 0
378 47326987 0
379 47465651 0
380 47604343 0
381 47689637 0
382 47828312 0
383 47977665 0
384 48116306 0
385 48201631 0
386 48340321 0
387 48478968 0
388 48574963 0
389 48713647 0
390 48852295 0
391 48948286 0
392 49086968 0
393 49225616 0
394 49321610 0
395 49460298 0
396 49598939 0
397 49737602 0
398 49833622 0
399 49972262 0
400 50110931 0
401 50196277 0
402 50345588 0
403 50484260 0
404 50569615 0
405 50708245 0
406 50846919 0
407 50942928 0
408 51081570 0
409 51220235 140
410 51364279 0
411 51454871 0
412 51593561 0
413 51732247 0
414 51870897 0
415 51966884 0
416 52105573 0
417 52244217 0
418 52340212 0
419 52478899 0
420 52617547 0
421 52713531 0
422 52852232 0
423 52990864 0
424 53076195 0
425 53214882 0
426 53364191 0
427 53502856 0
428 53588208 0
429 53726845 0
430 53865526 0
431 53961532 0
432 54100172 0
433 54238842 0
434 54334852 0
435 54473499 0
436 54612168 0
437 54708182 0
438 54846829 0
439 54985489 0
440 55124181 0
441 55220145 0
442 55358811 0
443 55497518 0
444 55593476 0
445 55732138 0
446 55870835 0
447 55956133 0
448 56094798 0
449 56233488 0
450 56329456 140
451 56474344 0
452 56606815 0
453 56745454 0
454 56841449 0
455 56980135 0
456 57118789 0
457 57214772 0
458 57353462 0
459 57492105 0
460 57588100 0
461 57726785 0
462 57865438 0
463 57961422 0
464 58100105 0
465 58238748 0
466 58377420 0
467 58462769 0
468 58601408 0
469 58750745 0
470 58836091 0
471 58974736 0
472 59113421 0
473 59209421 0
474 59348059 0
475 59486728 0
476 59582744 0
477 59721387 0
478 59860050 0
479 59998747 0
480 60094709 0
481 60233376 0
482 60372069 0
483 60468033 0
484 60606705 0
485 60745393 0
486 60830693 0
487 60980031 0
488 61118717 0
489 61204031 0
490 61342683 0
491 61481368 140
492 61624313 0
493 61715988 0
494 61854673 0
495 61993337 0
496 62132008 0
497 62228024 0
498 62366662 0
499 62505331 0
500 62601346 0
501 62739987 0
502 62878658 0
503 62974678 0
504 63113312 0
505 63251982 0
506 63347996 0
507 63486635 0
508 63625304 0
509 63764005 0
510 63849295 0
511 63998631 0
512 64137322 0
513 64222618 0
514 64361287 0
515 64499979 0
516 64595946 0
517 64734609 0
518 64873305 0
519 64969276 0
520 65107937 0
521 65246624 0
522 65385268 0
523 65481262 0
524 65619958 0
525 65758592 0
526 65854588 0
527 65993276 0
528 66131916 0
529 66217249 0
530 66366595 0
531 66505242 0
532 66590568 140
533 66734286 0
534 66867898 0
535 67017239 0
536 67102595 0
537 67241225 0
538 67379892 0
539 67475907 0
540 67614550 0
541 67753219 0
542 67849231 0
543 67987880 0
544 68126545 0
545 68222564 0
546 68361201 0
547 68499869 0
548 68638560 0
549 68734523 0
550 68873190 0
551 69011894 0
552 69097181 0
553 69235851 0
554 69385216 0
555 69470508 0
556 69609176 0
557 69747866 0
558 69843833 0
559 69982507 0
560 70121185 0
561 70259834 0
562 70355821 0
563 70494512 0
564 70633153 0
565 70729150 0
566 70867837 0
567 71006488 0
568 71102474 0
569 71241167 0
570 71379807 0
571 71465132 0
572 71614487 0
573 71753128 140
574 71894386 0
575 71977121 0
576 72115782 0
577 72254450 0
578 72403807 0
579 72489110 0
580 72627779 0
581 72766473 0
582 72862434 0
583 73001102 0
584 73139796 0
585 73235760 0
586 73374428 0
587 73513121 0
588 73609092 0
589 73747753 0
590 73886439 0
591 74025093 0
592 74121074 0
593 74259761 0
594 74398406 0
595 74483737 0
596 74633087 0
597 74771732 0
598 74857059 0
599 74995742 0
600 75134393 0
601 75230384 0
602 75369071 0
603 75507713 0
604 75646405 0
605 75742394 0
606 75881038 0
607 76019705 0
608 76115726 0
609 76254361 0
610 76393033 0
611 76489044 0
612 76627686 0
613 76766361 0
614 76851703 140
615 77001020 0
616 77139681 0
617 77278368 0
618 77363675 0
619 77502335 0
620 77651697 0
621 77736996 0
622 77875666 0
623 78014356 0
624 78110326 0
625 78248987 0
626 78387681 0
627 78483647 0
628 78622316 0
629 78760998 0
630 78899643 0
631 78995634 0
632 79134329 0
633 79272971 0
634 79368965 0
635 79507650 0
636 79646296 0
637 79731623 0
638 79870310 0
639 80019619 0
# stall_ms 140  spacing 41  first_frames 4096
