# mode 2: isolated stalls
# frames 5512  ahead 3  rate 44100  channels 2  events 641
# k  wait_return_us  stall_ms_taken_after
0 0 0
1 138661 0
2 277346 0
3 415994 0
4 511997 0
5 650678 0
6 789327 0
7 885315 0
8 1024007 0
9 1162649 0
10 1258642 0
11 1397334 0
12 1535973 0
13 1631971 0
14 1770663 0
15 1909295 0
16 2047965 0
17 2133310 0
18 2271958 0
19 2421294 0
20 2506644 0
21 2645284 0
22 2783944 0
23 2879966 0
24 3018620 0
25 3157277 0
26 3253296 0
27 3391928 0
28 3530595 0
29 3669284 0
30 3765253 0
31 3903920 0
32 4042615 0
33 4138579 0
34 4277250 0
35 4415949 0
36 4501238 0
37 4650570 0
38 4789264 0
39 4874564 0
40 5013226 120
41 5151910 0
42 5290564 0
43 5386554 0
44 5525236 0
45 5663887 0
46 5759881 0
47 5898579 0
48 6037213 0
49 6133203 0
50 6271899 0
51 6410538 0
52 6506549 0
53 6645220 0
54 6783854 0
55 6922528 0
56 7018542 0
57 7157184 0
58 7295858 0
59 7381198 0
60 7519839 0
61 7669177 0
62 7754523 0
63 7893168 0
64 8031832 0
65 8127847 0
66 8266501 0
67 8405155 0
68 8543846 0
69 8639815 0
70 8778480 0
71 8917177 0
72 9013144 0
73 9151807 0
74 9290505 0
75 9386468 0
76 9525133 0
77 9663825 0
78 9749130 0
79 9887791 0
80 10037143 0
81 10175790 120
82 10304559 0
83 10399802 0
84 10538447 0
85 10634440 0
86 10773123 0
87 10911774 0
88 11007769 0
89 11146453 0
90 11285097 0
91 11381094 0
92 11519774 0
93 11658424 0
94 11754415 0
95 11893105 0
96 12031747 0
97 12170413 0
98 12266430 0
99 12405071 0
100 12543738 0
101 12629081 0
102 12767727 0
103 12906402 0
104 13002406 0
105 13141055 0
106 13279722 0
107 13375743 0
108 13514373 0
109 13653043 0
110 13791737 0
111 13887703 0
112 14026373 0
113 14165061 0
114 14261027 0
115 14399699 0
116 14538390 0
117 14634354 0
118 14773024 0
119 14911718 0
120 14997015 0
121 15135679 0
122 15285033 120
123 15423683 0
124 15508998 0
125 15647692 0
126 15786335 0
127 15882332 0
128 16021026 0
129 16159667 0
130 16255657 0
131 16394349 0
132 16532985 0
133 16628977 0
134 16767670 0
135 16906309 0
136 17044972 0
137 17140996 0
138 17279630 0
139 17418302 0
140 17503644 0
141 17652957 0
142 17791626 0
143 17876977 0
144 18015618 0
145 18154270 0
146 18250274 0
147 18388952 0
148 18527603 0
149 18666300 0
150 18762263 0
151 18900932 0
152 19039628 0
153 19135595 0
154 19274264 0
155 19412961 0
156 19508918 0
157 19647587 0
158 19786272 0
159 19882244 0
160 20020909 0
161 20159597 0
162 20298237 0
163 20383562 120
164 20522248 0
165 20671568 0
166 20756886 0
167 20895579 0
168 21034234 0
169 21130218 0
170 21268906 0
171 21407556 0
172 21503539 0
173 21642227 0
174 21780871 0
175 21876867 0
176 22015558 0
177 22154209 0
178 22292859 0
179 22388884 0
180 22527521 0
181 22666188 0
182 22751536 0
183 22900848 0
184 23039516 0
185 23124865 0
186 23263505 0
187 23402176 0
188 23498189 0
189 23636831 0
190 23775491 0
191 23914188 0
192 24010155 0
193 24148827 0
194 24287512 0
195 24383476 0
196 24522148 0
197 24660838 0
198 24756805 0
199 24895470 0
200 25034171 0
201 25119469 0
202 25268794 0
203 25407479 0
204 25546132 120
205 25674548 0
206 25770140 0
207 25919456 0
208 26004782 0
209 26143480 0
210 26282112 0
211 26378100 0
212 26516797 0
213 26655437 0
214 26751422 0
215 26890120 0
216 27028761 0
217 27167432 0
218 27263440 0
219 27402081 0
220 27540755 0
221 27636768 0
222 27775405 0
223 27914079 0
224 27999423 0
225 28138074 0
226 28287403 0
227 28372744 0
228 28511397 0
229 28650058 0
230 28788747 0
231 28884729 0
232 29023381 0
233 29162081 0
234 29258044 0
235 29396706 0
236 29535403 0
237 29631365 0
238 29770031 0
239 29908726 0
240 30004688 0
241 30143365 0
242 30282043 0
243 30420686 0
244 30516687 0
245 30655367 120
246 30794019 0
247 30879340 0
248 31018024 0
249 31156673 0
250 31252670 0
251 31391352 0
252 31530005 0
253 31625993 0
254 31764673 0
255 31903318 0
256 31999287 0
257 32137983 0
258 32276644 0
259 32415308 0
260 32511338 0
261 32649971 0
262 32788635 0
263 32884652 0
264 33023292 0
265 33161965 0
266 33247313 0
267 33385955 0
268 33535294 0
269 33620636 0
270 33759279 0
271 33897945 0
272 34036633 0
273 34132605 0
274 34271270 0
275 34409971 0
276 34505926 0
277 34644599 0
278 34783287 0
279 34879249 0
280 35017919 0
281 35156618 0
282 35252584 0
283 35391244 0
284 35529927 0
285 35668581 0
286 35753900 120
287 35903251 0
288 36041900 0
289 36127225 0
290 36265926 0
291 36404559 0
292 36500571 0
293 36639244 0
294 36777884 0
295 36873878 0
296 37012562 0
297 37151208 0
298 37289878 0
299 37385887 0
300 37524529 0
301 37663204 0
302 37759213 0
303 37897857 0
304 38036524 0
305 38132541 0
306 38271185 0
307 38409851 0
308 38495193 0
309 38633846 0
310 38772506 0
311 38921859 0
312 39007163 0
313 39145833 0
314 39284528 0
315 39380493 0
316 39519150 0
317 39657852 0
318 39753815 0
319 39892480 0
320 40031170 0
321 40127143 0
322 40265809 0
323 40404497 0
324 40543134 0
325 40639136 0
326 40777819 0
327 40916464 120
328 41044554 0
329 41151142 0
330 41289792 0
331 41375117 0
332 41513800 0
333 41652454 0
334 41748443 0
335 41887128 0
336 42025771 0
337 42164438 0
338 42260449 0
339 42399095 0
340 42537761 0
341 42633786 0
342 42772419 0
343 42911088 0
344 43007103 0
345 43145747 0
346 43284416 0
347 43369766 0
348 43519068 0
349 43657746 0
350 43743082 0
351 43881729 0
352 44020392 0
353 44159079 0
354 44255054 0
355 44393722 0
356 44532409 0
357 44628390 0
358 44767040 0
359 44905734 0
360 45001705 0
361 45140370 0
362 45279064 0
363 45375032 0
364 45513695 0
365 45652386 0
366 45791025 0
367 45887028 0
368 46025708 120
369 46164368 0
370 46249705 0
371 46388365 0
372 46537676 0
373 46623000 0
374 46761693 0
375 46900336 0
376 46996329 0
377 47135016 0
378 47273658 0
379 47412327 0
380 47508342 0
381 47646981 0
382 47785655 0
383 47881667 0
384 48020305 0
385 48158973 0
386 48254994 0
387 48393639 0
388 48532302 0
389 48617651 0
390 48766960 0
391 48905625 0
392 49044311 0
393 49129615 0
394 49268283 0
395 49406979 0
396 49502942 0
397 49641605 0
398 49780300 0
399 49876267 0
400 50014932 0
401 50153629 0
402 50249595 0
403 50388262 0
404 50526949 0
405 50665589 0
406 50761586 0
407 50900265 0
408 51038914 0
409 51134909 120
410 51273590 0
411 51412243 0
412 51497563 0
413 51636252 0
414 51785570 0
415 51870891 0
416 52009586 0
417 52148221 0
418 52286892 0
419 52382904 0
420 52521546 0
421 52660216 0
422 52756231 0
423 52894872 0
424 53033538 0
425 53129551 0
426 53268195 0
427 53406867 0
428 53502881 0
429 53641523 0
430 53780192 0
431 53865540 0
432 54004179 0
433 54153510 0
434 54292203 0
435 54377503 0
436 54516174 0
437 54654861 0
438 54750837 0
439 54889493 0
440 55028193 0
441 55124157 0
442 55262816 0
443 55401514 0
444 55497479 0
445 55636147 0
446 55774839 0
447 55913476 0
448 56009470 0
449 56148157 0
450 56286805 120
451 56414559 0
452 56521481 0
453 56660130 0
454 56745466 0
455 56884141 0
456 57022786 0
457 57118781 0
458 57257467 0
459 57396110 0
460 57534777 0
461 57630793 0
462 57769441 0
463 57908102 0
464 58004108 0
465 58142760 0
466 58281426 0
467 58377444 0
468 58516087 0
469 58654752 0
470 58750765 0
471 58889414 0
472 59028069 0
473 59166766 0
474 59252064 0
475 59401401 0
476 59540093 0
477 59625395 0
478 59764053 0
479 59902754 0
480 59998717 0
481 60137384 0
482 60276077 0
483 60372044 0
484 60510709 0
485 60649396 0
486 60788050 0
487 60884028 0
488 61022718 0
489 61161366 0
490 61257356 0
491 61396042 120
492 61534698 0
493 61620018 0
494 61769372 0
495 61908019 0
496 61993340 0
497 62132028 0
498 62270670 0
499 62409339 0
500 62505358 0
501 62643991 0
502 62782661 0
503 62878683 0
504 63017318 0
505 63155986 0
506 63252004 0
507 63390647 0
508 63529317 0
509 63625326 0
510 63763970 0
511 63902637 0
512 63998630 0
513 64137292 0
514 64275959 0
515 64414663 0
516 64499951 0
517 64638620 0
518 64787980 0
519 64873284 0
520 65011945 0
521 65150641 0
522 65246607 0
523 65385271 0
524 65523965 0
525 65619936 0
526 65758593 0
527 65897286 0
528 66035927 0
529 66131917 0
530 66270606 0
531 66409254 0
532 66505265 120
533 66643931 0
534 66782578 0
535 66867914 0
536 67017253 0
537 67155903 0
538 67241223 0
539 67379917 0
540 67518559 0
541 67657225 0
542 67753238 0
543 67891891 0
544 68030548 0
545 68126567 0
546 68265205 0
547 68403875 0
548 68499893 0
549 68638535 0
550 68777203 0
551 68873226 0
552 69011859 0
553 69150520 0
554 69289215 0
555 69385185 0
556 69523848 0
557 69662545 0
558 69747839 0
559 69886515 0
560 70035867 0
561 70121165 0
562 70259832 0
563 70398527 0
564 70494497 0
565 70633155 0
566 70771843 0
567 70910497 0
568 71006479 0
569 71145169 0
570 71283815 0
571 71379808 0
572 71518497 0
573 71657138 120
574 71784547 0
575 71891822 0
576 72030467 0
577 72115791 0
578 72254476 0
579 72403786 0
580 72542459 0
581 72627801 0
582 72766444 0
583 72905122 0
584 73001129 0
585 73139767 0
586 73278434 0
587 73374453 0
588 73513097 0
589 73651767 0
590 73747775 0
591 73886423 0
592 74025087 0
593 74163774 0
594 74259745 0
595 74398408 0
596 74537102 0
597 74633072 0
598 74771733 0
599 74910428 0
600 74995733 0
601 75134394 0
602 75273090 0
603 75369052 0
604 75507720 0
605 75646415 0
606 75742379 0
607 75881048 0
608 76019736 0
609 76158376 0
610 76254367 0
611 76393054 0
612 76531703 0
613 76627705 0
614 76766385 120
615 76905033 0
616 77001024 0
617 77139705 0
618 77278349 0
619 77363674 0
620 77502365 0
621 77651675 0
622 77790342 0
623 77875687 0
624 78014337 0
625 78153001 0
626 78249012 0
627 78387654 0
628 78526326 0
629 78622344 0
630 78760983 0
631 78899648 0
632 78995679 0
633 79134316 0
634 79272971 0
635 79411662 0
636 79507634 0
637 79646298 0
638 79784993 0
639 79870290 0
640 80019631 0
# stall_ms 120  spacing 41  first_frames 4096
