# mode 2: isolated stalls
# frames 5512  ahead 3  rate 44100  channels 2  events 640
# k  wait_return_us  stall_ms_taken_after
0 0 0
1 149326 0
2 288023 0
3 426658 0
4 512007 0
5 650691 0
6 799983 0
7 885334 0
8 1024019 0
9 1162640 0
10 1258653 0
11 1397343 0
12 1535969 0
13 1631980 0
14 1770665 0
15 1909305 0
16 2047969 0
17 2143990 0
18 2282623 0
19 2421290 0
20 2517317 0
21 2655948 0
22 2794621 0
23 2879973 0
24 3018609 0
25 3167942 0
26 3253300 0
27 3391931 0
28 3530606 0
29 3669287 0
30 3765258 0
31 3903936 0
32 4042610 0
33 4138580 0
34 4277253 0
35 4415933 0
36 4511908 0
37 4650579 0
38 4789254 0
39 4885232 0
40 5023913 85
41 5162588 0
42 5301220 0
43 5397229 0
44 5535921 0
45 5674546 0
46 5759888 0
47 5898577 0
48 6037206 0
49 6133215 0
50 6271900 0
51 6410529 0
52 6506539 0
53 6645238 0
54 6783857 0
55 6922531 0
56 7018558 0
57 7157185 0
58 7295855 0
59 7391880 0
60 7530509 0
61 7669182 0
62 7765200 0
63 7903836 0
64 8042511 0
65 8127858 0
66 8266492 0
67 8415834 0
68 8554516 0
69 8639815 0
70 8778488 0
71 8917173 0
72 9013148 0
73 9151815 0
74 9290492 0
75 9386468 0
76 9525143 0
77 9663823 0
78 9759795 0
79 9898470 0
80 10037162 0
81 10175780 85
82 10271795 0
83 10410479 0
84 10549107 0
85 10634452 0
86 10783804 0
87 10922435 0
88 11007782 0
89 11146463 0
90 11285089 0
91 11381103 0
92 11519790 0
93 11658417 0
94 11754427 0
95 11893112 0
96 12031751 0
97 12170413 0
98 12266437 0
99 12405068 0
100 12543740 0
101 12639767 0
102 12778399 0
103 12917064 0
104 13013098 0
105 13151723 0
106 13290390 0
107 13375747 0
108 13514380 0
109 13653049 0
110 13802397 0
111 13887701 0
112 14026383 0
113 14165056 0
114 14261030 0
115 14399700 0
116 14538384 0
117 14634357 0
118 14773029 0
119 14911702 0
120 15007681 0
121 15146357 0
122 15285035 85
123 15423664 0
124 15519678 0
125 15658370 0
126 15796994 0
127 15882336 0
128 16031699 0
129 16170320 0
130 16255663 0
131 16394347 0
132 16532977 0
133 16629014 0
134 16767676 0
135 16906306 0
136 17044986 0
137 17141002 0
138 17279634 0
139 17418301 0
140 17514328 0
141 17652961 0
142 17791636 0
143 17887652 0
144 18026282 0
145 18164957 0
146 18250307 0
147 18399606 0
148 18538283 0
149 18676961 0
150 18762272 0
151 18900939 0
152 19050288 0
153 19135599 0
154 19274266 0
155 19412946 0
156 19508914 0
157 19647588 0
158 19786270 0
159 19882242 0
160 20020916 0
161 20159608 0
162 20298228 0
163 20394239 85
164 20532926 0
165 20671787 0
166 20767569 0
167 20906254 0
168 21044881 0
169 21130229 0
170 21268912 0
171 21418203 0
172 21503550 0
173 21642241 0
174 21780867 0
175 21876877 0
176 22015566 0
177 22154201 0
178 22292866 0
179 22388886 0
180 22527524 0
181 22666188 0
182 22762214 0
183 22900846 0
184 23039515 0
185 23135550 0
186 23274170 0
187 23412842 0
188 23498203 0
189 23647503 0
190 23786168 0
191 23924849 0
192 24010157 0
193 24148828 0
194 24287507 0
195 24383477 0
196 24522149 0
197 24660834 0
198 24756803 0
199 24895483 0
200 25034160 0
201 25130137 0
202 25268806 0
203 25407491 0
204 25546115 85
205 25642134 0
206 25780821 0
207 25919445 0
208 26015452 0
209 26154147 0
210 26292769 0
211 26378112 0
212 26516797 0
213 26666093 0
214 26751460 0
215 26890128 0
216 27028754 0
217 27167431 0
218 27263450 0
219 27402082 0
220 27540753 0
221 27636774 0
222 27775409 0
223 27914081 0
224 28010104 0
225 28148738 0
226 28287404 0
227 28383428 0
228 28522056 0
229 28660730 0
230 28799410 0
231 28884718 0
232 29034058 0
233 29172741 0
234 29258046 0
235 29396713 0
236 29535390 0
237 29631369 0
238 29770041 0
239 29908720 0
240 30004689 0
241 30143365 0
242 30282060 0
243 30420678 0
244 30516694 0
245 30655382 85
246 30794007 0
247 30890019 0
248 31028702 0
249 31167329 0
250 31263345 0
251 31402030 0
252 31540654 0
253 31626004 0
254 31764691 0
255 31903323 0
256 31999305 0
257 32137990 0
258 32276648 0
259 32415316 0
260 32511337 0
261 32649969 0
262 32788643 0
263 32884667 0
264 33023296 0
265 33161964 0
266 33257993 0
267 33396621 0
268 33535291 0
269 33631314 0
270 33769945 0
271 33908620 0
272 34047292 0
273 34132601 0
274 34281945 0
275 34420624 0
276 34505929 0
277 34644597 0
278 34783282 0
279 34879253 0
280 35017936 0
281 35156603 0
282 35252586 0
283 35391256 0
284 35529941 0
285 35668565 0
286 35764582 85
287 35903267 0
288 36041893 0
289 36137901 0
290 36276597 0
291 36415218 0
292 36500563 0
293 36649914 0
294 36788546 0
295 36873894 0
296 37012579 0
297 37151203 0
298 37300545 0
299 37385901 0
300 37524530 0
301 37663201 0
302 37759227 0
303 37897855 0
304 38036532 0
305 38132552 0
306 38271192 0
307 38409849 0
308 38505880 0
309 38644506 0
310 38783179 0
311 38921859 0
312 39017835 0
313 39156503 0
314 39295188 0
315 39380490 0
316 39519164 0
317 39668506 0
318 39753815 0
319 39892489 0
320 40031170 0
321 40127139 0
322 40265819 0
323 40404501 0
324 40543127 0
325 40639139 0
326 40777827 0
327 40916452 85
328 41012466 0
329 41151150 0
330 41289783 0
331 41385789 0
332 41524478 0
333 41663106 0
334 41748444 0
335 41897807 0
336 42036439 0
337 42175105 0
338 42260462 0
339 42399095 0
340 42537763 0
341 42633785 0
342 42772417 0
343 42911089 0
344 43007112 0
345 43145744 0
346 43284416 0
347 43380444 0
348 43519069 0
349 43657740 0
350 43753763 0
351 43892397 0
352 44031065 0
353 44169745 0
354 44265716 0
355 44404394 0
356 44543070 0
357 44628377 0
358 44767051 0
359 44916397 0
360 45001707 0
361 45140379 0
362 45279055 0
363 45375033 0
364 45513703 0
365 45652388 0
366 45791013 0
367 45887027 0
368 46025719 85
369 46164341 0
370 46260354 0
371 46399048 0
372 46537665 0
373 46633678 0
374 46772371 0
375 46910993 0
376 46996344 0
377 47135026 0
378 47284328 0
379 47422997 0
380 47508349 0
381 47646980 0
382 47785651 0
383 47881696 0
384 48020318 0
385 48158978 0
386 48254999 0
387 48393636 0
388 48532299 0
389 48628325 0
390 48766956 0
391 48905632 0
392 49044309 0
393 49140282 0
394 49278954 0
395 49417636 0
396 49513605 0
397 49652278 0
398 49790958 0
399 49876264 0
400 50014942 0
401 50153619 0
402 50249592 0
403 50388271 0
404 50526954 0
405 50665580 0
406 50761601 0
407 50900276 0
408 51038902 0
409 51134914 85
410 51273601 0
411 51412236 0
412 51508241 0
413 51646926 0
414 51785555 0
415 51881576 0
416 52020254 0
417 52158885 0
418 52297555 0
419 52382919 0
420 52532211 0
421 52670874 0
422 52756238 0
423 52894867 0
424 53033536 0
425 53129563 0
426 53268193 0
427 53406868 0
428 53502884 0
429 53641533 0
430 53780186 0
431 53876213 0
432 54014845 0
433 54153511 0
434 54292194 0
435 54388165 0
436 54526840 0
437 54665519 0
438 54750825 0
439 54900165 0
440 55038844 0
441 55124152 0
442 55262829 0
443 55401513 0
444 55497481 0
445 55636165 0
446 55774841 0
447 55913466 0
448 56009474 0
449 56148166 0
450 56286791 85
451 56382800 0
452 56521492 0
453 56660115 0
454 56756124 0
455 56894816 0
456 57033469 0
457 57129454 0
458 57268141 0
459 57406772 0
460 57545441 0
461 57630796 0
462 57769427 0
463 57918767 0
464 58004121 0
465 58142757 0
466 58281420 0
467 58377449 0
468 58516085 0
469 58654752 0
470 58750772 0
471 58889406 0
472 59028078 0
473 59166762 0
474 59262732 0
475 59401401 0
476 59540085 0
477 59636052 0
478 59774725 0
479 59913407 0
480 59998710 0
481 60148051 0
482 60286734 0
483 60372040 0
484 60510716 0
485 60649396 0
486 60788025 0
487 60884040 0
488 61022726 0
489 61161353 0
490 61257363 0
491 61396052 85
492 61534673 0
493 61630685 0
494 61769374 0
495 61908004 0
496 62004016 0
497 62142700 0
498 62281335 0
499 62420005 0
500 62516033 0
501 62654658 0
502 62793325 0
503 62878684 0
504 63017317 0
505 63166651 0
506 63252017 0
507 63390639 0
508 63529315 0
509 63625341 0
510 63763966 0
511 63902641 0
512 63998640 0
513 64137287 0
514 64275961 0
515 64414644 0
516 64510626 0
517 64649288 0
518 64787964 0
519 64883940 0
520 65022618 0
521 65161299 0
522 65246600 0
523 65385274 0
524 65534626 0
525 65619924 0
526 65758599 0
527 65897286 0
528 66035912 0
529 66131926 0
530 66270611 0
531 66409237 0
532 66505251 85
533 66643940 0
534 66782560 0
535 66878575 0
536 67017263 0
537 67155916 0
538 67251904 0
539 67390587 0
540 67529220 0
541 67667894 0
542 67763909 0
543 67902543 0
544 68041214 0
545 68126573 0
546 68265205 0
547 68403874 0
548 68499898 0
549 68638535 0
550 68777196 0
551 68873222 0
552 69011854 0
553 69150530 0
554 69289202 0
555 69385179 0
556 69523848 0
557 69662537 0
558 69758507 0
559 69897175 0
560 70035855 0
561 70131830 0
562 70270504 0
563 70409183 0
564 70494484 0
565 70633166 0
566 70782516 0
567 70921141 0
568 71006485 0
569 71145177 0
570 71283802 0
571 71379811 0
572 71518498 0
573 71657133 85
574 71753135 0
575 71891828 0
576 72030448 0
577 72126466 0
578 72265154 0
579 72403781 0
580 72542449 0
581 72638484 0
582 72777106 0
583 72915778 0
584 73001133 0
585 73150436 0
586 73289106 0
587 73374460 0
588 73513090 0
589 73651764 0
590 73747786 0
591 73886414 0
592 74025088 0
593 74163774 0
594 74259742 0
595 74398415 0
596 74537093 0
597 74633076 0
598 74771738 0
599 74910416 0
600 75006394 0
601 75145064 0
602 75283744 0
603 75379716 0
604 75518390 0
605 75657080 0
606 75742376 0
607 75881050 0
608 76019737 0
609 76169034 0
610 76254377 0
611 76393062 0
612 76531689 0
613 76627705 0
614 76766390 85
615 76905014 0
616 77001022 0
617 77139715 0
618 77278346 0
619 77374354 0
620 77513038 0
621 77651677 0
622 77790340 0
623 77886362 0
624 78024992 0
625 78163665 0
626 78249028 0
627 78398323 0
628 78536988 0
629 78622351 0
630 78760981 0
631 78899651 0
632 78995675 0
633 79134303 0
634 79272982 0
635 79411678 0
636 79507625 0
637 79646300 0
638 79784983 0
639 79880954 0
# stall_ms 85  spacing 41  first_frames 0
