# mode 2: isolated stalls
# frames 5512  ahead 4  rate 44100  channels 2  events 641
# k  wait_return_us  stall_ms_taken_after
0 0 0
1 138651 0
2 277349 0
3 415994 0
4 511980 0
5 650664 0
6 789353 0
7 885318 0
8 1023981 0
9 1162648 0
10 1258666 0
11 1397308 0
12 1535971 0
13 1631975 0
14 1770655 0
15 1909298 0
16 2047964 0
17 2133286 0
18 2271981 0
19 2421290 0
20 2506612 0
21 2645287 0
22 2783972 0
23 2879946 0
24 3018598 0
25 3157270 0
26 3253292 0
27 3391932 0
28 3530592 0
29 3669266 0
30 3765279 0
31 3903923 0
32 4042582 0
33 4138582 0
34 4277270 0
35 4415913 0
36 4501236 0
37 4650570 0
38 4789271 0
39 4874564 0
40 5013226 260
41 5278673 0
42 5290587 0
43 5386557 0
44 5525215 0
45 5663882 0
46 5759908 0
47 5898544 0
48 6037212 0
49 6133195 0
50 6275245 0
51 6410539 0
52 6506530 0
53 6645184 0
54 6783887 0
55 6922522 0
56 7018512 0
57 7157172 0
58 7295879 0
59 7381180 0
60 7519840 0
61 7669167 0
62 7754534 0
63 7893168 0
64 8031836 0
65 8127821 0
66 8266512 0
67 8405163 0
68 8543832 0
69 8639811 0
70 8778515 0
71 8917146 0
72 9013138 0
73 9151797 0
74 9290497 0
75 9386468 0
76 9525132 0
77 9663791 0
78 9749162 0
79 9887791 0
80 10037118 0
81 10175779 260
82 10438660 0
83 10438970 0
84 10538448 0
85 10634436 0
86 10773128 0
87 10911772 0
88 11007766 0
89 11146428 0
90 11285126 0
91 11381094 0
92 11519756 0
93 11658430 0
94 11754448 0
95 11893082 0
96 12031740 0
97 12170411 0
98 12266421 0
99 12405072 0
100 12543739 0
101 12629062 0
102 12767757 0
103 12906395 0
104 13002387 0
105 13141051 0
106 13279750 0
107 13375713 0
108 13514382 0
109 13653040 0
110 13791738 0
111 13887702 0
112 14026367 0
113 14165048 0
114 14261052 0
115 14399695 0
116 14538391 0
117 14634350 0
118 14773047 0
119 14911687 0
120 14997011 0
121 15135677 0
122 15285028 260
123 15548686 0
124 15548986 0
125 15647664 0
126 15786371 0
127 15882326 0
128 16020991 0
129 16159679 0
130 16255667 0
131 16394349 0
132 16532988 0
133 16628976 0
134 16767662 0
135 16906308 0
136 17044976 0
137 17140966 0
138 17279652 0
139 17418297 0
140 17503626 0
141 17652958 0
142 17791661 0
143 17876951 0
144 18015618 0
145 18154282 0
146 18250293 0
147 18388942 0
148 18527606 0
149 18666270 0
150 18762281 0
151 18900933 0
152 19039594 0
153 19135588 0
154 19274272 0
155 19412921 0
156 19508918 0
157 19647580 0
158 19786269 0
159 19882248 0
160 20020902 0
161 20159568 0
162 20298260 0
163 20383568 260
164 20648680 0
165 20671561 0
166 20756912 0
167 20895558 0
168 21034218 0
169 21130214 0
170 21268903 0
171 21407547 0
172 21503536 0
173 21642206 0
174 21780902 0
175 21876871 0
176 22015527 0
177 22154194 0
178 22292884 0
179 22388855 0
180 22527518 0
181 22666188 0
182 22751530 0
183 22900846 0
184 23039510 0
185 23124836 0
186 23263523 0
187 23402166 0
188 23498161 0
189 23636829 0
190 23775513 0
191 23914160 0
192 24010147 0
193 24148821 0
194 24287513 0
195 24383478 0
196 24522139 0
197 24660809 0
198 24756826 0
199 24895473 0
200 25034132 0
201 25119457 0
202 25268810 0
203 25407456 0
204 25546128 260
205 25808675 0
206 25808940 0
207 25919452 0
208 26004775 0
209 26143438 0
210 26282136 0
211 26378101 0
212 26516783 0
213 26655433 0
214 26751448 0
215 26890099 0
216 27028753 0
217 27167417 0
218 27263435 0
219 27402077 0
220 27540746 0
221 27636738 0
222 27775424 0
223 27914078 0
224 27999394 0
225 28138061 0
226 28287426 0
227 28372726 0
228 28511388 0
229 28650050 0
230 28788748 0
231 28884717 0
232 29023378 0
233 29162050 0
234 29258062 0
235 29396705 0
236 29535369 0
237 29631370 0
238 29770048 0
239 29908735 0
240 30004689 0
241 30143352 0
242 30282043 0
243 30420684 0
244 30516677 0
245 30655346 260
246 30918770 0
247 30919084 0
248 31017997 0
249 31156670 0
250 31252686 0
251 31391328 0
252 31529995 0
253 31625988 0
254 31764674 0
255 31903315 0
256 31999292 0
257 32137973 0
258 32276658 0
259 32415305 0
260 32511301 0
261 32649968 0
262 32788663 0
263 32884630 0
264 33023295 0
265 33161960 0
266 33247308 0
267 33385951 0
268 33535281 0
269 33620611 0
270 33759302 0
271 33897942 0
272 34036610 0
273 34132599 0
274 34271286 0
275 34409932 0
276 34505924 0
277 34644590 0
278 34783289 0
279 34879253 0
280 35017920 0
281 35156581 0
282 35252601 0
283 35391243 0
284 35529906 0
285 35668578 0
286 35753922 260
287 36018678 0
288 36041898 0
289 36127223 0
290 36265906 0
291 36404556 0
292 36500548 0
293 36639224 0
294 36777911 0
295 36873877 0
296 37012543 0
297 37151202 0
298 37289900 0
299 37385868 0
300 37524526 0
301 37663198 0
302 37759216 0
303 37897856 0
304 38036527 0
305 38132514 0
306 38271200 0
307 38409847 0
308 38495172 0
309 38633842 0
310 38772519 0
311 38921834 0
312 39007167 0
313 39145823 0
314 39284520 0
315 39380486 0
316 39519156 0
317 39657822 0
318 39753846 0
319 39892477 0
320 40031154 0
321 40127138 0
322 40265828 0
323 40404466 0
324 40543136 0
325 40639129 0
326 40777819 0
327 40916458 260
328 41178680 0
329 41178960 0
330 41289798 0
331 41375113 0
332 41513780 0
333 41652448 0
334 41748465 0
335 41887102 0
336 42025764 0
337 42164442 0
338 42260441 0
339 42399091 0
340 42537761 0
341 42633759 0
342 42772430 0
343 42911084 0
344 43007077 0
345 43145743 0
346 43284419 0
347 43369737 0
348 43519064 0
349 43657741 0
350 43743081 0
351 43881727 0
352 44020389 0
353 44159065 0
354 44255073 0
355 44393718 0
356 44532387 0
357 44628391 0
358 44767057 0
359 44905708 0
360 45001697 0
361 45140371 0
362 45279046 0
363 45375028 0
364 45513690 0
365 45652354 0
366 45791042 0
367 45887018 0
368 46025675 260
369 46288670 0
370 46288939 0
371 46388342 0
372 46537668 0
373 46623004 0
374 46761694 0
375 46900336 0
376 46996324 0
377 47134996 0
378 47273673 0
379 47412319 0
380 47508310 0
381 47646982 0
382 47785668 0
383 47881642 0
384 48020300 0
385 48158982 0
386 48254988 0
387 48393628 0
388 48532295 0
389 48617625 0
390 48766975 0
391 48905622 0
392 49044282 0
393 49129622 0
394 49268297 0
395 49406942 0
396 49502937 0
397 49641602 0
398 49780295 0
399 49876264 0
400 50014926 0
401 50153608 0
402 50249609 0
403 50388255 0
404 50526913 0
405 50665592 0
406 50761601 0
407 50900244 0
408 51038909 0
409 51134908 260
410 51398644 0
411 51412232 0
412 51497559 0
413 51636225 0
414 51785584 0
415 51870891 0
416 52009549 0
417 52148221 0
418 52286902 0
419 52382875 0
420 52521538 0
421 52660211 0
422 52756225 0
423 52894869 0
424 53033532 0
425 53129525 0
426 53268219 0
427 53406855 0
428 53502848 0
429 53641513 0
430 53780208 0
431 53865515 0
432 54004171 0
433 54153514 0
434 54292193 0
435 54377502 0
436 54516159 0
437 54654838 0
438 54750848 0
439 54889494 0
440 55028156 0
441 55124145 0
442 55262839 0
443 55401486 0
444 55497472 0
445 55636145 0
446 55774827 0
447 55913473 0
448 56009463 0
449 56148128 0
450 56286826 260
451 56548665 0
452 56548966 0
453 56660123 0
454 56745467 0
455 56884130 0
456 57022784 0
457 57118772 0
458 57257464 0
459 57396104 0
460 57534772 0
461 57630760 0
462 57769448 0
463 57908100 0
464 58004086 0
465 58142754 0
466 58281453 0
467 58377416 0
468 58516073 0
469 58654748 0
470 58750760 0
471 58889412 0
472 59028067 0
473 59166736 0
474 59252084 0
475 59401398 0
476 59540063 0
477 59625390 0
478 59764073 0
479 59902721 0
480 59998714 0
481 60137373 0
482 60276072 0
483 60372039 0
484 60510701 0
485 60649371 0
486 60788063 0
487 60884031 0
488 61022693 0
489 61161357 0
490 61257379 0
491 61396020 260
492 61658687 0
493 61658968 0
494 61769365 0
495 61908014 0
496 61993338 0
497 62132000 0
498 62270693 0
499 62409333 0
500 62505325 0
501 62643991 0
502 62782681 0
503 62878657 0
504 63017315 0
505 63155984 0
506 63252004 0
507 63390648 0
508 63529310 0
509 63625300 0
510 63763986 0
511 63902636 0
512 63998608 0
513 64137286 0
514 64275983 0
515 64414626 0
516 64499948 0
517 64638614 0
518 64787967 0
519 64873279 0
520 65011938 0
521 65150607 0
522 65246620 0
523 65385270 0
524 65523935 0
525 65619923 0
526 65758614 0
527 65897258 0
528 66035927 0
529 66131916 0
530 66270609 0
531 66409245 0
532 66505237 260
533 66768664 0
534 66782593 0
535 66867901 0
536 67017241 0
537 67155899 0
538 67241241 0
539 67379895 0
540 67518549 0
541 67657221 0
542 67753240 0
543 67891883 0
544 68030552 0
545 68126536 0
546 68265220 0
547 68403873 0
548 68499893 0
549 68638527 0
550 68777213 0
551 68873193 0
552 69011854 0
553 69150516 0
554 69289209 0
555 69385184 0
556 69523842 0
557 69662509 0
558 69747862 0
559 69886506 0
560 70035843 0
561 70121163 0
562 70259847 0
563 70398499 0
564 70494484 0
565 70633154 0
566 70771835 0
567 70910486 0
568 71006477 0
569 71145144 0
570 71283828 0
571 71379811 0
572 71518469 0
573 71657134 260
574 71918655 0
575 71918969 0
576 72030458 0
577 72115787 0
578 72254474 0
579 72403789 0
580 72542444 0
581 72627778 0
582 72766462 0
583 72905106 0
584 73001097 0
585 73139772 0
586 73278458 0
587 73374433 0
588 73513091 0
589 73651760 0
590 73747769 0
591 73886417 0
592 74025075 0
593 74163760 0
594 74259760 0
595 74398406 0
596 74537072 0
597 74633066 0
598 74771754 0
599 74910399 0
600 74995718 0
601 75134392 0
602 75273082 0
603 75369063 0
604 75507709 0
605 75646384 0
606 75742397 0
607 75881040 0
608 76019703 0
609 76158396 0
610 76254385 0
611 76393038 0
612 76531691 0
613 76627689 0
614 76766378 260
615 77028681 0
616 77028984 0
617 77139681 0
618 77278382 0
619 77363673 0
620 77502341 0
621 77651668 0
622 77790361 0
623 77875664 0
624 78014326 0
625 78152997 0
626 78249011 0
627 78387653 0
628 78526324 0
629 78622310 0
630 78760996 0
631 78899649 0
632 78995638 0
633 79134308 0
634 79272994 0
635 79411639 0
636 79507621 0
637 79646292 0
638 79784988 0
639 79870290 0
640 80019615 0
# stall_ms 260  spacing 41  first_frames 4096
