# mode 2: isolated stalls
# frames 2756  ahead 6  rate 44100  channels 2  events 1280
# k  wait_return_us  stall_ms_taken_after
0 0 0
1 95984 0
2 138656 0
3 234677 0
4 277327 0
5 330686 0
6 416007 0
7 469323 0
8 511990 0
9 607998 0
10 650657 0
11 693342 0
12 789339 0
13 842647 0
14 885314 0
15 981326 0
16 1023984 0
17 1066664 0
18 1162655 0
19 1205305 0
20 1258645 0
21 1343983 0
22 1397306 0
23 1439991 0
24 1535980 0
25 1578631 0
26 1631966 0
27 1717292 0
28 1770635 0
29 1855990 0
30 1909301 0
31 1951964 0
32 2047959 0
33 2090618 0
34 2133297 0
35 2229303 0
36 2271966 0
37 2325287 0
38 2421282 0
39 2463947 0
40 2506619 160
41 2669326 0
42 2669644 0
43 2698613 0
44 2783937 0
45 2837270 0
46 2879941 0
47 2975960 0
48 3018621 0
49 3061268 0
50 3157267 0
51 3210597 0
52 3253264 0
53 3349288 0
54 3391947 0
55 3487931 0
56 3530592 0
57 3573256 0
58 3669261 0
59 3711945 0
60 3765275 0
61 3861263 0
62 3903920 0
63 3946587 0
64 4042585 0
65 4085266 0
66 4138596 0
67 4223917 0
68 4277250 0
69 4319909 0
70 4415914 0
71 4458594 0
72 4501255 0
73 4597239 0
74 4650568 0
75 4693236 0
76 4789238 0
77 4831918 0
78 4874585 0
79 4970561 0
80 5013232 0
81 5109225 160
82 5279490 0
83 5279722 0
84 5290579 0
85 5343879 0
86 5386556 0
87 5482550 0
88 5525210 0
89 5578571 0
90 5663893 0
91 5717209 0
92 5759881 0
93 5855878 0
94 5898538 0
95 5941232 0
96 6037228 0
97 6079867 0
98 6133206 0
99 6229223 0
100 6271861 0
101 6314557 0
102 6410545 0
103 6453192 0
104 6506533 0
105 6591860 0
106 6645183 0
107 6687880 0
108 6783864 0
109 6826521 0
110 6922528 0
111 6965182 0
112 7018512 0
113 7103875 0
114 7157195 0
115 7199846 0
116 7295844 0
117 7338511 0
118 7381172 0
119 7477196 0
120 7519857 0
121 7573170 0
122 7669177 160
123 7839341 0
124 7839619 0
125 7850533 0
126 7893175 0
127 7946524 0
128 8031834 0
129 8085157 0
130 8127829 0
131 8223843 0
132 8266503 0
133 8309242 0
134 8405151 0
135 8458487 0
136 8543824 0
137 8597201 0
138 8639834 0
139 8735815 0
140 8778475 0
141 8821146 0
142 8917151 0
143 8959837 0
144 9013163 0
145 9098475 0
146 9151803 0
147 9194475 0
148 9290473 0
149 9333164 0
150 9386484 0
151 9471803 0
152 9525126 0
153 9567796 0
154 9663799 0
155 9706478 0
156 9749153 0
157 9845131 0
158 9887783 0
159 9941123 0
160 10037121 0
161 10079809 0
162 10175795 0
163 10218441 160
164 10379328 0
165 10379590 0
166 10399774 0
167 10453140 0
168 10538456 0
169 10591767 0
170 10634439 0
171 10730438 0
172 10773096 0
173 10826459 0
174 10911783 0
175 10965097 0
176 11007762 0
177 11103768 0
178 11146423 0
179 11189343 0
180 11285106 0
181 11327751 0
182 11381091 0
183 11477089 0
184 11519753 0
185 11562442 0
186 11658431 0
187 11701080 0
188 11754412 0
189 11839744 0
190 11893078 0
191 11978433 0
192 12031758 0
193 12074410 0
194 12170408 0
195 12213066 0
196 12266401 0
197 12351767 0
198 12405080 0
199 12447733 0
200 12543734 0
201 12586393 0
202 12629069 0
203 12725080 0
204 12767743 160
205 12929336 0
206 12929567 0
207 12959722 0
208 13002392 0
209 13098414 0
210 13141062 0
211 13194383 0
212 13279713 0
213 13333041 0
214 13375725 0
215 13471726 0
216 13514387 0
217 13610379 0
218 13653041 0
219 13695707 0
220 13791705 0
221 13845057 0
222 13887715 0
223 13983704 0
224 14026372 0
225 14069034 0
226 14165028 0
227 14207718 0
228 14261058 0
229 14346357 0
230 14399698 0
231 14442361 0
232 14538354 0
233 14581043 0
234 14634366 0
235 14719683 0
236 14773015 0
237 14815684 0
238 14911681 0
239 14954367 0
240 14997021 0
241 15093009 0
242 15135679 0
243 15231675 0
244 15285006 0
245 15327689 160
246 15489386 0
247 15489647 0
248 15509005 0
249 15604992 0
250 15647659 0
251 15701016 0
252 15786345 0
253 15839662 0
254 15882329 0
255 15978317 0
256 16020984 0
257 16074338 0
258 16159677 0
259 16212988 0
260 16255655 0
261 16351653 0
262 16394316 0
263 16436994 0
264 16532997 0
265 16575648 0
266 16628983 0
267 16714302 0
268 16767636 0
269 16810325 0
270 16906315 0
271 16948982 0
272 17044972 0
273 17087629 0
274 17140963 0
275 17226321 0
276 17279641 0
277 17322304 0
278 17418300 0
279 17460954 0
280 17503627 0
281 17599644 0
282 17652963 0
283 17695631 0
284 17791622 0
285 17834279 0
286 17876954 160
287 18039329 0
288 18039649 0
289 18068957 0
290 18154279 0
291 18207607 0
292 18250271 0
293 18346294 0
294 18388949 0
295 18442286 0
296 18527595 0
297 18580933 0
298 18666265 0
299 18719612 0
300 18762273 0
301 18858267 0
302 18900926 0
303 18943593 0
304 19039595 0
305 19092938 0
306 19135604 0
307 19231595 0
308 19274255 0
309 19316920 0
310 19412913 0
311 19455598 0
312 19508930 0
313 19594247 0
314 19647581 0
315 19690246 0
316 19786243 0
317 19828925 0
318 19882255 0
319 19967574 0
320 20020907 0
321 20063570 0
322 20159570 0
323 20202254 0
324 20298255 0
325 20340899 0
326 20383564 0
327 20479567 160
328 20649370 0
329 20649598 0
330 20671576 0
331 20714224 0
332 20756894 0
333 20852887 0
334 20895546 0
335 20948908 0
336 21034240 0
337 21087550 0
338 21130219 0
339 21226218 0
340 21268875 0
341 21311557 0
342 21407559 0
343 21460880 0
344 21503544 0
345 21599540 0
346 21642196 0
347 21684886 0
348 21780891 0
349 21823532 0
350 21876872 0
351 21962189 0
352 22015531 0
353 22100881 0
354 22154199 0
355 22196870 0
356 22292852 0
357 22335514 0
358 22388849 0
359 22474215 0
360 22527524 0
361 22570188 0
362 22666180 0
363 22708842 0
364 22751510 0
365 22847534 0
366 22900847 0
367 22943513 0
368 23039505 160
369 23209351 0
370 23209618 0
371 23220861 0
372 23263515 0
373 23316843 0
374 23402170 0
375 23455494 0
376 23498171 0
377 23594174 0
378 23636842 0
379 23732827 0
380 23775481 0
381 23828823 0
382 23914154 0
383 23967496 0
384 24010172 0
385 24106153 0
386 24148807 0
387 24191483 0
388 24287485 0
389 24330162 0
390 24383492 0
391 24479484 0
392 24522135 0
393 24564807 0
394 24660800 0
395 24703481 0
396 24756825 0
397 24842137 0
398 24895459 0
399 24938134 0
400 25034130 0
401 25076811 0
402 25119478 0
403 25215461 0
404 25268792 0
405 25354123 0
406 25407456 0
407 25450141 0
408 25546139 0
409 25588788 160
410 25749342 0
411 25749603 0
412 25770120 0
413 25823475 0
414 25919456 0
415 25962103 0
416 26004775 0
417 26100778 0
418 26143440 0
419 26196801 0
420 26282124 0
421 26335431 0
422 26378096 0
423 26474100 0
424 26516771 0
425 26559452 0
426 26655441 0
427 26708752 0
428 26751428 0
429 26847426 0
430 26890093 0
431 26932776 0
432 27028769 0
433 27071418 0
434 27167427 0
435 27210090 0
436 27263424 0
437 27348768 0
438 27402093 0
439 27444746 0
440 27540752 0
441 27583410 0
442 27636747 0
443 27722090 0
444 27775417 0
445 27818070 0
446 27914071 0
447 27956734 0
448 27999405 0
449 28095416 0
450 28138106 160
451 28299361 0
452 28299594 0
453 28330064 0
454 28372733 0
455 28468731 0
456 28511405 0
457 28564718 0
458 28650049 0
459 28703393 0
460 28788712 0
461 28842062 0
462 28884727 0
463 28980720 0
464 29023370 0
465 29076718 0
466 29162040 0
467 29215382 0
468 29258053 0
469 29354044 0
470 29396697 0
471 29439374 0
472 29535371 0
473 29578049 0
474 29631372 0
475 29727369 0
476 29770024 0
477 29812700 0
478 29908694 0
479 29951369 0
480 30004700 0
481 30090028 0
482 30143346 0
483 30186028 0
484 30282013 0
485 30324707 0
486 30420696 0
487 30463341 0
488 30516677 0
489 30602015 0
490 30655344 0
491 30698034 160
492 30859397 0
493 30859660 0
494 30879335 0
495 30975337 0
496 31018006 0
497 31071347 0
498 31156679 0
499 31209991 0
500 31252663 0
501 31348659 0
502 31391331 0
503 31444672 0
504 31530004 0
505 31583319 0
506 31625991 0
507 31721986 0
508 31764653 0
509 31807330 0
510 31903322 0
511 31945979 0
512 31999293 0
513 32095303 0
514 32137984 0
515 32233997 0
516 32276654 0
517 32319303 0
518 32415308 0
519 32457973 0
520 32511307 0
521 32596660 0
522 32649974 0
523 32692632 0
524 32788630 0
525 32831296 0
526 32884632 0
527 32969980 0
528 33023298 0
529 33065955 0
530 33161962 0
531 33204621 0
532 33247291 160
533 33409331 0
534 33409651 0
535 33439280 0
536 33535278 0
537 33577955 0
538 33620610 0
539 33716618 0
540 33759295 0
541 33855276 0
542 33897940 0
543 33951284 0
544 34036608 0
545 34089950 0
546 34132622 0
547 34228604 0
548 34271272 0
549 34324604 0
550 34409934 0
551 34463276 0
552 34505941 0
553 34601938 0
554 34644588 0
555 34687262 0
556 34783261 0
557 34825933 0
558 34879268 0
559 34964591 0
560 35017917 0
561 35060586 0
562 35156584 0
563 35199261 0
564 35252597 0
565 35337905 0
566 35391242 0
567 35476573 0
568 35529898 0
569 35572585 0
570 35668580 0
571 35711228 0
572 35753902 0
573 35849898 160
574 36019379 0
575 36019607 0
576 36041914 0
577 36084560 0
578 36127229 0
579 36223227 0
580 36265888 0
581 36319246 0
582 36404570 0
583 36457879 0
584 36500559 0
585 36596562 0
586 36639207 0
587 36692570 0
588 36777891 0
589 36831208 0
590 36873876 0
591 36969871 0
592 37012537 0
593 37108561 0
594 37151217 0
595 37193873 0
596 37289866 0
597 37343198 0
598 37385870 0
599 37481877 0
600 37524546 0
601 37567200 0
602 37663194 0
603 37705853 0
604 37759202 0
605 37844540 0
606 37897859 0
607 37940525 0
608 38036515 0
609 38079185 0
610 38132518 0
611 38217901 0
612 38271193 0
613 38313852 0
614 38409841 160
615 38579335 0
616 38579612 0
617 38591199 0
618 38633855 0
619 38687177 0
620 38772496 0
621 38825835 0
622 38921834 0
623 38964515 0
624 39007183 0
625 39103153 0
626 39145818 0
627 39199180 0
628 39284498 0
629 39337842 0
630 39380506 0
631 39476480 0
632 39519148 0
633 39561818 0
634 39657827 0
635 39711170 0
636 39753829 0
637 39849809 0
638 39892471 0
639 39935142 0
640 40031146 0
641 40073830 0
642 40127156 0
643 40212464 0
644 40265799 0
645 40308467 0
646 40404461 0
647 40447154 0
648 40543144 0
649 40585787 0
650 40639141 0
651 40724464 0
652 40777786 0
653 40820476 0
654 40916468 0
655 40959107 160
656 41129330 0
657 41129595 0
658 41151113 0
659 41193809 0
660 41289796 0
661 41332442 0
662 41375112 0
663 41471115 0
664 41513771 0
665 41567129 0
666 41652464 0
667 41705766 0
668 41748439 0
669 41844439 0
670 41887098 0
671 41940457 0
672 42025773 0
673 42079132 0
674 42164434 0
675 42217756 0
676 42260427 0
677 42356452 0
678 42399113 0
679 42441756 0
680 42537751 0
681 42580417 0
682 42633759 0
683 42729775 0
684 42772433 0
685 42815080 0
686 42911078 0
687 42953740 0
688 43007084 0
689 43092427 0
690 43145752 0
691 43188404 0
692 43284406 0
693 43327066 0
694 43369743 0
695 43465753 0
696 43519085 160
697 43689349 0
698 43689585 0
699 43700396 0
700 43743065 0
701 43839088 0
702 43881736 0
703 43977724 0
704 44020387 0
705 44073721 0
706 44159050 0
707 44212412 0
708 44255067 0
709 44351047 0
710 44393715 0
711 44447043 0
712 44532375 0
713 44585729 0
714 44628387 0
715 44724381 0
716 44767038 0
717 44809707 0
718 44905701 0
719 44959052 0
720 45001705 0
721 45097699 0
722 45140368 0
723 45183028 0
724 45279034 0
725 45321716 0
726 45375034 0
727 45460356 0
728 45513696 0
729 45599023 0
730 45652354 0
731 45695049 0
732 45791033 0
733 45833676 0
734 45887018 0
735 45972353 0
736 46025680 0
737 46068368 160
738 46229404 0
739 46229670 0
740 46249681 0
741 46345674 0
742 46388332 0
743 46441683 0
744 46537681 0
745 46580336 0
746 46623002 0
747 46718998 0
748 46761658 0
749 46815008 0
750 46900340 0
751 46953660 0
752 46996329 0
753 47092310 0
754 47134984 0
755 47231015 0
756 47273667 0
757 47326990 0
758 47412322 0
759 47465642 0
760 47508316 0
761 47604336 0
762 47646980 0
763 47689653 0
764 47785647 0
765 47828301 0
766 47881640 0
767 47977661 0
768 48020313 0
769 48062973 0
770 48158965 0
771 48201628 0
772 48254970 0
773 48340354 0
774 48393638 0
775 48436302 0
776 48532295 0
777 48574952 0
778 48617622 160
779 48779317 0
780 48779639 0
781 48809625 0
782 48905613 0
783 48948278 0
784 49044284 0
785 49086960 0
786 49129631 0
787 49225615 0
788 49268280 0
789 49321609 0
790 49406938 0
791 49460284 0
792 49502948 0
793 49598935 0
794 49641601 0
795 49694931 0
796 49780270 0
797 49833615 0
798 49876273 0
799 49972263 0
800 50014924 0
801 50057591 0
802 50153587 0
803 50196266 0
804 50249596 0
805 50345592 0
806 50388252 0
807 50430920 0
808 50526908 0
809 50569599 0
810 50665595 0
811 50708243 0
812 50761587 0
813 50846908 0
814 50900235 0
815 50942924 0
816 51038916 0
817 51081575 0
818 51134905 0
819 51220234 160
820 51389363 0
821 51389590 0
822 51412251 0
823 51454902 0
824 51497562 0
825 51593560 0
826 51636217 0
827 51689566 0
828 51785582 0
829 51828222 0
830 51870892 0
831 51966884 0
832 52009546 0
833 52062893 0
834 52148217 0
835 52201550 0
836 52286882 0
837 52340208 0
838 52382871 0
839 52478903 0
840 52521544 0
841 52574878 0
842 52660203 0
843 52713529 0
844 52756205 0
845 52852227 0
846 52894870 0
847 52937536 0
848 53033525 0
849 53076190 0
850 53129523 0
851 53214878 0
852 53268199 0
853 53310867 0
854 53406851 0
855 53449512 0
856 53502850 0
857 53588208 0
858 53641520 0
859 53684186 0
860 53780185 160
861 53949338 0
862 53949606 0
863 53961520 0
864 54004190 0
865 54100173 0
866 54153499 0
867 54196168 0
868 54292166 0
869 54334853 0
870 54377516 0
871 54473503 0
872 54516156 0
873 54569498 0
874 54654824 0
875 54708170 0
876 54750846 0
877 54846828 0
878 54889485 0
879 54942819 0
880 55028153 0
881 55081495 0
882 55124162 0
883 55220149 0
884 55262805 0
885 55305477 0
886 55401481 0
887 55444155 0
888 55497497 0
889 55593470 0
890 55636135 0
891 55732140 0
892 55774805 0
893 55817492 0
894 55913484 0
895 55956132 0
896 56009464 0
897 56094793 0
898 56148129 0
899 56190809 0
900 56286803 0
901 56329461 160
902 56499322 0
903 56499586 0
904 56521459 0
905 56564143 0
906 56660130 0
907 56702776 0
908 56745451 0
909 56841450 0
910 56884114 0
911 56937466 0
912 57022789 0
913 57076104 0
914 57118776 0
915 57214767 0
916 57257441 0
917 57353452 0
918 57396113 0
919 57449435 0
920 57534771 0
921 57588099 0
922 57630765 0
923 57726778 0
924 57769438 0
925 57812094 0
926 57908095 0
927 57961425 0
928 58004091 0
929 58100107 0
930 58142764 0
931 58185414 0
932 58281416 0
933 58324085 0
934 58377416 0
935 58462780 0
936 58516093 0
937 58558745 0
938 58654741 0
939 58697405 0
940 58750744 0
941 58836098 0
942 58889413 160
943 59059339 0
944 59059572 0
945 59070742 0
946 59166728 0
947 59209407 0
948 59252078 0
949 59348064 0
950 59401388 0
951 59444071 0
952 59540057 0
953 59582740 0
954 59625396 0
955 59721388 0
956 59764040 0
957 59817392 0
958 59902714 0
959 59956059 0
960 59998725 0
961 60094718 0
962 60137368 0
963 60190713 0
964 60276043 0
965 60329383 0
966 60372048 0
967 60468047 0
968 60510697 0
969 60553372 0
970 60649362 0
971 60692050 0
972 60788043 0
973 60830695 0
974 60884023 0
975 60980027 0
976 61022694 0
977 61065378 0
978 61161365 0
979 61204014 0
980 61257353 0
981 61342685 0
982 61396019 0
983 61438706 160
984 61599387 0
985 61599651 0
986 61620012 0
987 61716009 0
988 61769342 0
989 61812019 0
990 61908021 0
991 61950665 0
992 61993341 0
993 62089334 0
994 62132002 0
995 62185343 0
996 62270668 0
997 62323995 0
998 62409334 0
999 62462661 0
1000 62505332 0
1001 62601344 0
1002 62643998 0
1003 62697320 0
1004 62782653 0
1005 62835986 0
1006 62878659 0
1007 62974666 0
1008 63017317 0
1009 63059981 0
1010 63155982 0
1011 63209312 0
1012 63251981 0
1013 63347995 0
1014 63390649 0
1015 63433307 0
1016 63529307 0
1017 63571974 0
1018 63625305 0
1019 63710649 0
1020 63763969 0
1021 63806633 0
1022 63902631 0
1023 63945299 0
1024 63998611 160
1025 64159315 0
1026 64159635 0
1027 64222631 0
1028 64275955 0
1029 64318626 0
1030 64414624 0
1031 64457300 0
1032 64499967 0
1033 64595956 0
1034 64638616 0
1035 64691953 0
1036 64787944 0
1037 64830621 0
1038 64873301 0
1039 64969278 0
1040 65011935 0
1041 65065280 0
1042 65150608 0
1043 65203948 0
1044 65246622 0
1045 65342603 0
1046 65385264 0
1047 65427936 0
1048 65523936 0
1049 65577279 0
1050 65619951 0
1051 65715921 0
1052 65758590 0
1053 65854583 0
1054 65897251 0
1055 65939936 0
1056 66035924 0
1057 66078577 0
1058 66131919 0
1059 66217247 0
1060 66270574 0
1061 66313265 0
1062 66409244 0
1063 66451905 0
1064 66505246 0
1065 66590577 160
1066 66759359 0
1067 66759592 0
1068 66782587 0
1069 66825232 0
1070 66867901 0
1071 66963905 0
1072 67017222 0
1073 67059918 0
1074 67155912 0
1075 67198559 0
1076 67241229 0
1077 67337223 0
1078 67379888 0
1079 67475911 0
1080 67518565 0
1081 67571891 0
1082 67657216 0
1083 67710542 0
1084 67753217 0
1085 67849243 0
1086 67891890 0
1087 67945219 0
1088 68030537 0
1089 68083867 0
1090 68126541 0
1091 68222559 0
1092 68265215 0
1093 68307871 0
1094 68403864 0
1095 68446527 0
1096 68506107 0
1097 68595923 0
1098 68638546 0
1099 68681199 0
1100 68777185 0
1101 68819852 0
1102 68873193 0
1103 68958541 0
1104 69011873 0
1105 69097184 0
1106 69150518 160
1107 69319329 0
1108 69319599 0
1109 69331870 0
1110 69385196 0
1111 69470510 0
1112 69523835 0
1113 69566508 0
1114 69662517 0
1115 69705197 0
1116 69747848 0
1117 69843833 0
1118 69886498 0
1119 69939839 0
1120 70035834 0
1121 70078519 0
1122 70121183 0
1123 70217151 0
1124 70259818 0
1125 70313160 0
1126 70398489 0
1127 70451838 0
1128 70494510 0
1129 70590476 0
1130 70633147 0
1131 70675816 0
1132 70771810 0
1133 70825168 0
1134 70910500 0
1135 70963808 0
1136 71006472 0
1137 71102481 0
1138 71145137 0
1139 71187831 0
1140 71283817 0
1141 71326462 0
1142 71379798 0
1143 71465136 0
1144 71518461 0
1145 71561154 0
1146 71657144 0
1147 71699786 160
1148 71869323 0
1149 71869588 0
1150 71891786 0
1151 71934472 0
1152 72030476 0
1153 72073109 0
1154 72115780 0
1155 72211790 0
1156 72254445 0
1157 72307797 0
1158 72403786 0
1159 72446441 0
1160 72542448 0
1161 72585101 0
1162 72627774 0
1163 72723791 0
1164 72766447 0
1165 72819769 0
1166 72905099 0
1167 72958435 0
1168 73001101 0
1169 73097117 0
1170 73139774 0
1171 73193096 0
1172 73278424 0
1173 73331752 0
1174 73374428 0
1175 73470442 0
1176 73513099 0
1177 73555754 0
1178 73651757 0
1179 73694413 0
1180 73747755 0
1181 73843767 0
1182 73886425 0
1183 73929085 0
1184 74025075 0
1185 74067745 0
1186 74163739 0
1187 74206426 0
1188 74259774 160
1189 74429334 0
1190 74429567 0
1191 74441068 0
1192 74537063 0
1193 74579755 0
1194 74633073 0
1195 74718399 0
1196 74771726 0
1197 74814392 0
1198 74910391 0
1199 74953079 0
1200 74995737 0
1201 75091721 0
1202 75134388 0
1203 75187720 0
1204 75273048 0
1205 75326404 0
1206 75369057 0
1207 75465045 0
1208 75507708 0
1209 75561047 0
1210 75646374 0
1211 75699730 0
1212 75742383 0
1213 75838370 0
1214 75881037 0
1215 75977042 0
1216 76019706 0
1217 76062388 0
1218 76158377 0
1219 76211691 0
1220 76254371 0
1221 76350385 0
1222 76393028 0
1223 76435715 0
1224 76531702 0
1225 76574349 0
1226 76627695 0
1227 76713025 0
1228 76766352 0
1229 76809039 160
1230 76969380 0
1231 76969647 0
1232 77001026 0
1233 77086336 0
1234 77139671 0
1235 77182348 0
1236 77278354 0
1237 77321007 0
1238 77363677 0
1239 77459661 0
1240 77502331 0
1241 77598359 0
1242 77651673 0
1243 77694337 0
1244 77790332 0
1245 77832989 0
1246 77875666 0
1247 77971679 0
1248 78014334 0
1249 78067662 0
1250 78152985 0
1251 78206314 0
1252 78248986 0
1253 78345008 0
1254 78387654 0
1255 78440985 0
1256 78526316 0
1257 78579639 0
1258 78622340 0
1259 78718337 0
1260 78760981 0
1261 78803648 0
1262 78899640 0
1263 78942297 0
1264 78995640 0
1265 79080990 0
1266 79134315 0
1267 79230297 0
1268 79272964 0
1269 79315641 0
1270 79411627 160
1271 79579311 0
1272 79579631 0
1273 79592966 0
1274 79646291 0
1275 79688953 0
1276 79784957 0
1277 79827631 0
1278 79870300 0
1279 79966287 0
# stall_ms 160  spacing 41  first_frames 4096
