# mode 2: isolated stalls
# frames 2756  ahead 3  rate 44100  channels 2  events 1260
# k  wait_return_us  stall_ms_taken_after
0 0 0
1 95982 0
2 138661 0
3 234654 0
4 277323 0
5 330641 0
6 415974 0
7 469325 0
8 554642 0
9 608011 0
10 650634 0
11 746640 0
12 789344 0
13 885308 0
14 927986 0
15 981313 0
16 1066645 0
17 1119984 0
18 1205309 0
19 1258641 0
20 1301290 0
21 1397287 0
22 1439968 0
23 1535956 0
24 1578658 0
25 1631944 0
26 1717287 0
27 1770655 0
28 1855954 0
29 1909304 0
30 1951960 0
31 2047946 0
32 2090635 0
33 2186624 0
34 2229286 0
35 2271937 0
36 2367934 0
37 2421283 0
38 2506604 0
39 2559973 0
40 2602588 100
41 2709400 0
42 2741282 0
43 2837271 0
44 2879935 0
45 2975956 0
46 3018600 0
47 3061269 0
48 3157286 0
49 3210599 0
50 3253260 0
51 3349281 0
52 3391928 0
53 3434588 0
54 3530619 0
55 3573260 0
56 3626586 0
57 3711941 0
58 3765253 0
59 3807916 0
60 3903929 0
61 3946579 0
62 3999908 0
63 4085271 0
64 4138576 0
65 4181237 0
66 4277263 0
67 4319907 0
68 4362571 0
69 4458590 0
70 4501232 0
71 4597240 0
72 4650593 0
73 4693228 0
74 4789249 0
75 4831922 0
76 4874559 0
77 4970564 0
78 5013251 0
79 5066553 0
80 5151898 0
81 5205244 100
82 5309399 0
83 5343860 0
84 5439877 0
85 5482546 0
86 5578571 0
87 5621240 0
88 5663873 0
89 5759884 0
90 5802571 0
91 5855870 0
92 5941211 0
93 5994561 0
94 6037196 0
95 6133215 0
96 6175889 0
97 6229218 0
98 6314535 0
99 6367889 0
100 6410524 0
101 6506529 0
102 6549219 0
103 6591854 0
104 6687859 0
105 6730544 0
106 6783850 0
107 6869203 0
108 6922543 0
109 6965179 0
110 7061185 0
111 7103874 0
112 7199844 0
113 7242515 0
114 7295868 0
115 7381176 0
116 7434512 0
117 7477193 0
118 7573174 0
119 7615844 0
120 7669202 0
121 7754501 0
122 7807841 100
123 7909363 0
124 7946474 0
125 8031825 0
126 8085177 0
127 8170495 0
128 8223828 0
129 8266507 0
130 8362488 0
131 8405163 0
132 8458504 0
133 8543818 0
134 8597153 0
135 8639836 0
136 8735840 0
137 8778485 0
138 8821171 0
139 8917145 0
140 8959815 0
141 9013157 0
142 9098471 0
143 9151815 0
144 9194488 0
145 9290469 0
146 9333138 0
147 9386486 0
148 9471799 0
149 9525133 0
150 9567812 0
151 9663796 0
152 9706453 0
153 9802479 0
154 9845123 0
155 9887784 0
156 9983803 0
157 10037115 0
158 10079780 0
159 10175812 0
160 10218445 0
161 10261110 0
162 10357134 0
163 10399777 100
164 10509380 0
165 10538443 0
166 10634431 0
167 10677099 0
168 10773118 0
169 10826433 0
170 10869096 0
171 10965117 0
172 11007765 0
173 11050423 0
174 11146455 0
175 11189093 0
176 11242416 0
177 11327772 0
178 11381090 0
179 11423747 0
180 11519770 0
181 11562417 0
182 11615744 0
183 11701101 0
184 11754414 0
185 11797075 0
186 11893099 0
187 11935744 0
188 11978403 0
189 12074424 0
190 12117070 0
191 12170405 0
192 12266420 0
193 12309062 0
194 12405074 0
195 12447755 0
196 12490393 0
197 12586402 0
198 12629086 0
199 12682388 0
200 12767732 0
201 12821082 0
202 12863720 0
203 12959728 0
204 13002409 100
205 13109396 0
206 13141027 0
207 13237049 0
208 13279710 0
209 13375718 0
210 13418400 0
211 13471706 0
212 13557049 0
213 13610398 0
214 13653035 0
215 13749044 0
216 13791727 0
217 13845030 0
218 13930376 0
219 13983727 0
220 14026360 0
221 14122369 0
222 14165049 0
223 14207695 0
224 14303700 0
225 14346384 0
226 14399687 0
227 14485027 0
228 14538379 0
229 14581014 0
230 14677022 0
231 14719710 0
232 14773015 0
233 14858351 0
234 14911711 0
235 14997017 0
236 15050352 0
237 15093030 0
238 15189013 0
239 15231676 0
240 15285025 0
241 15370338 0
242 15423678 0
243 15466356 0
244 15562331 0
245 15605003 100
246 15709356 0
247 15743638 0
248 15839660 0
249 15882349 0
250 15978329 0
251 16020996 0
252 16074341 0
253 16159651 0
254 16212995 0
255 16255672 0
256 16351648 0
257 16394321 0
258 16436999 0
259 16532984 0
260 16575650 0
261 16628999 0
262 16714306 0
263 16767645 0
264 16810324 0
265 16906304 0
266 16948976 0
267 17002325 0
268 17087631 0
269 17140969 0
270 17183654 0
271 17279636 0
272 17322301 0
273 17364981 0
274 17460964 0
275 17503618 0
276 17599640 0
277 17652954 0
278 17695614 0
279 17791638 0
280 17834282 0
281 17876944 0
282 17972968 0
283 18015613 0
284 18068944 0
285 18154296 0
286 18207608 100
287 18309385 0
288 18346276 0
289 18442265 0
290 18484934 0
291 18580958 0
292 18623598 0
293 18666260 0
294 18762284 0
295 18804927 0
296 18858283 0
297 18943616 0
298 18996928 0
299 19039582 0
300 19135609 0
301 19178255 0
302 19231587 0
303 19316935 0
304 19370251 0
305 19412910 0
306 19508931 0
307 19551580 0
308 19594242 0
309 19690262 0
310 19732908 0
311 19786238 0
312 19882260 0
313 19924906 0
314 19967567 0
315 20063588 0
316 20106229 0
317 20202240 0
318 20244927 0
319 20298224 0
320 20383568 0
321 20436919 0
322 20479556 0
323 20575563 0
324 20618250 0
325 20671549 0
326 20756892 0
327 20810246 100
328 20919397 0
329 20948862 0
330 21034217 0
331 21087541 0
332 21172882 0
333 21226239 0
334 21268876 0
335 21364880 0
336 21407569 0
337 21460868 0
338 21546212 0
339 21599560 0
340 21642197 0
341 21738205 0
342 21780888 0
343 21823526 0
344 21919537 0
345 21962220 0
346 22015519 0
347 22100865 0
348 22154217 0
349 22196852 0
350 22292866 0
351 22335544 0
352 22388849 0
353 22474188 0
354 22527541 0
355 22570179 0
356 22666184 0
357 22708867 0
358 22804845 0
359 22847514 0
360 22900868 0
361 22986174 0
362 23039512 0
363 23082192 0
364 23178168 0
365 23220844 0
366 23263527 0
367 23359498 0
368 23402171 100
369 23509388 0
370 23540806 0
371 23636826 0
372 23690179 0
373 23775490 0
374 23828828 0
375 23871507 0
376 23967489 0
377 24010158 0
378 24052838 0
379 24148814 0
380 24191484 0
381 24244831 0
382 24330152 0
383 24383483 0
384 24426164 0
385 24522137 0
386 24564809 0
387 24618162 0
388 24703468 0
389 24756807 0
390 24799490 0
391 24895465 0
392 24938139 0
393 24980823 0
394 25076796 0
395 25119469 0
396 25172818 0
397 25268789 0
398 25311456 0
399 25407468 0
400 25450121 0
401 25492778 0
402 25588800 0
403 25631450 0
404 25684780 0
405 25770130 0
406 25823446 0
407 25866108 0
408 25962131 0
409 26004773 100
410 26109378 0
411 26143445 0
412 26239430 0
413 26282096 0
414 26378124 0
415 26420765 0
416 26474097 0
417 26559447 0
418 26612762 0
419 26655423 0
420 26751442 0
421 26794090 0
422 26847422 0
423 26932775 0
424 26986089 0
425 27028749 0
426 27124778 0
427 27167417 0
428 27210078 0
429 27306102 0
430 27348746 0
431 27402072 0
432 27498094 0
433 27540746 0
434 27583403 0
435 27679426 0
436 27722073 0
437 27775398 0
438 27860789 0
439 27914062 0
440 27999409 0
441 28052755 0
442 28095391 0
443 28191401 0
444 28234088 0
445 28287388 0
446 28372736 0
447 28426080 0
448 28468716 0
449 28564729 0
450 28607412 100
451 28709399 0
452 28746029 0
453 28842045 0
454 28884708 0
455 28980729 0
456 29023405 0
457 29076707 0
458 29162043 0
459 29215399 0
460 29258033 0
461 29354048 0
462 29396723 0
463 29439364 0
464 29535372 0
465 29578054 0
466 29631365 0
467 29727367 0
468 29770055 0
469 29812685 0
470 29908696 0
471 29951379 0
472 30004683 0
473 30090029 0
474 30143379 0
475 30186010 0
476 30282024 0
477 30324704 0
478 30367349 0
479 30463350 0
480 30516698 0
481 30602009 0
482 30655346 0
483 30698029 0
484 30794006 0
485 30836676 0
486 30879360 0
487 30975334 0
488 31018006 0
489 31071354 0
490 31156661 0
491 31210001 100
492 31319361 0
493 31348641 0
494 31444656 0
495 31487344 0
496 31583322 0
497 31625993 0
498 31668674 0
499 31764651 0
500 31807323 0
501 31860668 0
502 31945984 0
503 31999317 0
504 32042001 0
505 32137982 0
506 32180647 0
507 32233994 0
508 32319308 0
509 32372649 0
510 32415325 0
511 32511300 0
512 32553974 0
513 32596656 0
514 32692629 0
515 32735300 0
516 32788648 0
517 32884630 0
518 32927301 0
519 32969982 0
520 33065961 0
521 33108618 0
522 33204642 0
523 33247285 0
524 33300614 0
525 33385977 0
526 33439280 0
527 33481960 0
528 33577962 0
529 33620613 0
530 33673938 0
531 33759292 0
532 33812610 100
533 33919390 0
534 33951276 0
535 34036596 0
536 34089930 0
537 34175282 0
538 34228596 0
539 34271261 0
540 34367285 0
541 34409934 0
542 34463258 0
543 34548605 0
544 34601921 0
545 34644584 0
546 34740607 0
547 34783251 0
548 34825914 0
549 34921935 0
550 34964583 0
551 35017908 0
552 35113935 0
553 35156578 0
554 35199245 0
555 35295261 0
556 35337907 0
557 35391240 0
558 35476592 0
559 35529906 0
560 35572581 0
561 35668588 0
562 35711227 0
563 35807235 0
564 35849922 0
565 35903223 0
566 35988569 0
567 36041915 0
568 36084554 0
569 36180567 0
570 36223248 0
571 36265881 0
572 36361893 0
573 36404583 100
574 36509400 0
575 36543194 0
576 36639216 0
577 36692543 0
578 36777881 0
579 36831235 0
580 36873870 0
581 36969879 0
582 37012566 0
583 37055197 0
584 37151208 0
585 37193898 0
586 37247193 0
587 37343207 0
588 37385892 0
589 37428529 0
590 37524533 0
591 37567219 0
592 37620521 0
593 37705861 0
594 37759214 0
595 37801850 0
596 37897859 0
597 37940547 0
598 37983177 0
599 38079196 0
600 38132540 0
601 38175174 0
602 38271184 0
603 38313862 0
604 38409852 0
605 38452516 0
606 38495195 0
607 38591170 0
608 38633842 0
609 38687193 0
610 38772500 0
611 38825837 0
612 38868524 0
613 38964500 0
614 39007164 100
615 39109395 0
616 39145804 0
617 39241825 0
618 39284509 0
619 39380488 0
620 39423166 0
621 39476506 0
622 39561818 0
623 39615155 0
624 39657835 0
625 39753816 0
626 39796483 0
627 39849830 0
628 39935146 0
629 39988484 0
630 40031161 0
631 40127144 0
632 40169812 0
633 40212494 0
634 40308469 0
635 40351140 0
636 40404487 0
637 40500469 0
638 40543136 0
639 40585817 0
640 40681794 0
641 40724464 0
642 40777818 0
643 40863122 0
644 40916450 0
645 41001810 0
646 41055118 0
647 41097779 0
648 41193803 0
649 41236446 0
650 41289775 0
651 41375131 0
652 41428444 0
653 41471110 0
654 41567130 0
655 41609771 100
656 41719374 0
657 41748441 0
658 41844429 0
659 41887092 0
660 41983119 0
661 42025765 0
662 42079090 0
663 42164450 0
664 42217760 0
665 42260418 0
666 42356443 0
667 42399087 0
668 42441752 0
669 42537782 0
670 42580417 0
671 42633747 0
672 42729768 0
673 42772415 0
674 42815077 0
675 42911096 0
676 42953745 0
677 43007075 0
678 43092430 0
679 43145740 0
680 43188399 0
681 43284425 0
682 43327069 0
683 43369729 0
684 43465762 0
685 43519070 0
686 43604405 0
687 43657754 0
688 43700390 0
689 43796397 0
690 43839083 0
691 43881720 0
692 43977732 0
693 44020417 0
694 44073718 0
695 44159057 0
696 44212410 100
697 44319398 0
698 44351026 0
699 44447042 0
700 44489714 0
701 44585716 0
702 44628400 0
703 44671035 0
704 44767045 0
705 44809729 0
706 44863031 0
707 44959047 0
708 45001728 0
709 45044362 0
710 45140371 0
711 45183063 0
712 45236357 0
713 45321697 0
714 45375051 0
715 45417685 0
716 45513704 0
717 45556381 0
718 45599015 0
719 45695024 0
720 45748373 0
721 45791010 0
722 45887019 0
723 45929703 0
724 45972340 0
725 46068352 0
726 46111034 0
727 46207015 0
728 46249679 0
729 46303026 0
730 46388336 0
731 46441675 0
732 46484352 0
733 46580339 0
734 46623006 0
735 46676348 0
736 46761661 0
737 46814998 100
738 46919361 0
739 46953633 0
740 47038989 0
741 47092344 0
742 47177654 0
743 47230993 0
744 47273673 0
745 47369651 0
746 47412318 0
747 47465668 0
748 47550986 0
749 47604317 0
750 47647002 0
751 47742976 0
752 47785648 0
753 47828324 0
754 47924305 0
755 47977641 0
756 48020325 0
757 48116304 0
758 48158974 0
759 48201655 0
760 48297633 0
761 48340303 0
762 48393651 0
763 48478958 0
764 48532307 0
765 48574983 0
766 48670956 0
767 48713617 0
768 48809640 0
769 48852281 0
770 48905612 0
771 48990967 0
772 49044279 0
773 49086945 0
774 49182978 0
775 49225612 0
776 49268271 0
777 49364292 0
778 49406936 100
779 49509375 0
780 49556279 0
781 49641595 0
782 49694929 0
783 49780282 0
784 49833596 0
785 49876256 0
786 49972282 0
787 50014926 0
788 50057585 0
789 50153611 0
790 50196257 0
791 50249583 0
792 50345605 0
793 50388250 0
794 50430916 0
795 50526932 0
796 50569584 0
797 50622909 0
798 50708260 0
799 50761574 0
800 50804235 0
801 50900256 0
802 50942906 0
803 50985563 0
804 51081587 0
805 51134904 0
806 51177561 0
807 51273585 0
808 51316226 0
809 51412233 0
810 51454920 0
811 51497553 0
812 51593567 0
813 51636251 0
814 51689553 0
815 51785558 0
816 51828243 0
817 51870882 0
818 51966888 0
819 52009573 100
820 52119397 0
821 52148193 0
822 52244209 0
823 52286872 0
824 52382878 0
825 52425564 0
826 52478867 0
827 52574885 0
828 52617561 0
829 52660198 0
830 52756205 0
831 52798891 0
832 52852190 0
833 52937535 0
834 52990890 0
835 53033522 0
836 53129536 0
837 53172218 0
838 53214850 0
839 53310861 0
840 53364215 0
841 53406848 0
842 53502854 0
843 53545547 0
844 53588178 0
845 53684185 0
846 53726871 0
847 53780174 0
848 53865513 0
849 53918866 0
850 54004177 0
851 54057512 0
852 54100193 0
853 54196174 0
854 54238837 0
855 54292191 0
856 54377499 0
857 54430836 0
858 54473514 0
859 54569508 0
860 54612166 100
861 54719366 0
862 54750802 0
863 54846824 0
864 54889510 0
865 54985482 0
866 55028159 0
867 55081506 0
868 55166814 0
869 55220155 0
870 55262840 0
871 55358810 0
872 55401484 0
873 55444165 0
874 55540143 0
875 55593486 0
876 55636157 0
877 55732140 0
878 55774811 0
879 55817484 0
880 55913464 0
881 55956134 0
882 56009484 0
883 56094795 0
884 56148132 0
885 56190812 0
886 56286794 0
887 56329463 0
888 56382809 0
889 56468117 0
890 56521447 0
891 56606813 0
892 56660116 0
893 56702778 0
894 56798801 0
895 56841443 0
896 56884103 0
897 56980127 0
898 57022776 0
899 57076103 0
900 57172123 0
901 57214771 100
902 57319384 0
903 57353439 0
904 57449427 0
905 57492092 0
906 57588118 0
907 57630767 0
908 57673421 0
909 57769450 0
910 57812095 0
911 57865417 0
912 57961447 0
913 58004088 0
914 58046745 0
915 58142768 0
916 58185420 0
917 58238744 0
918 58324108 0
919 58377413 0
920 58420074 0
921 58516089 0
922 58558742 0
923 58601406 0
924 58697430 0
925 58750738 0
926 58793398 0
927 58889419 0
928 58932068 0
929 58974730 0
930 59070754 0
931 59113391 0
932 59216144 0
933 59252091 0
934 59305391 0
935 59401400 0
936 59444083 0
937 59486716 0
938 59582726 0
939 59625418 0
940 59678714 0
941 59764051 0
942 59817406 100
943 59919397 0
944 59956022 0
945 60041370 0
946 60094709 0
947 60190712 0
948 60233398 0
949 60276035 0
950 60372045 0
951 60414728 0
952 60468030 0
953 60553371 0
954 60606721 0
955 60649364 0
956 60745366 0
957 60788053 0
958 60830690 0
959 60926697 0
960 60980053 0
961 61022684 0
962 61118696 0
963 61161379 0
964 61204014 0
965 61300022 0
966 61342711 0
967 61396008 0
968 61481350 0
969 61534704 0
970 61577336 0
971 61673355 0
972 61716029 0
973 61812003 0
974 61854678 0
975 61908029 0
976 61993337 0
977 62046669 0
978 62089351 0
979 62185332 0
980 62228001 0
981 62270681 0
982 62366664 0
983 62409335 100
984 62519359 0
985 62558632 0
986 62643985 0
987 62697345 0
988 62782649 0
989 62835988 0
990 62878674 0
991 62974647 0
992 63017320 0
993 63060000 0
994 63155972 0
995 63209318 0
996 63251996 0
997 63347970 0
998 63390646 0
999 63433328 0
1000 63529314 0
1001 63571973 0
1002 63625320 0
1003 63710640 0
1004 63763968 0
1005 63806650 0
1006 63902633 0
1007 63945302 0
1008 63998647 0
1009 64083958 0
1010 64137297 0
1011 64179976 0
1012 64275957 0
1013 64318612 0
1014 64414640 0
1015 64457285 0
1016 64499946 0
1017 64595967 0
1018 64638610 0
1019 64691944 0
1020 64787959 0
1021 64830606 0
1022 64873268 0
1023 64969299 0
1024 65011938 100
1025 65119381 0
1026 65150606 0
1027 65246593 0
1028 65289258 0
1029 65385283 0
1030 65427928 0
1031 65481254 0
1032 65577296 0
1033 65619923 0
1034 65662583 0
1035 65758613 0
1036 65801252 0
1037 65854579 0
1038 65939941 0
1039 65993251 0
1040 66035909 0
1041 66131932 0
1042 66174577 0
1043 66217238 0
1044 66313257 0
1045 66366576 0
1046 66409267 0
1047 66505256 0
1048 66547901 0
1049 66590565 0
1050 66686579 0
1051 66729242 0
1052 66782563 0
1053 66867910 0
1054 66921226 0
1055 67017233 0
1056 67059915 0
1057 67102554 0
1058 67198558 0
1059 67241250 0
1060 67294554 0
1061 67379889 0
1062 67433248 0
1063 67475879 0
1064 67571887 0
1065 67614570 100
1066 67719411 0
1067 67753187 0
1068 67849204 0
1069 67891871 0
1070 67987878 0
1071 68030563 0
1072 68083866 0
1073 68169206 0
1074 68222559 0
1075 68265197 0
1076 68361202 0
1077 68403891 0
1078 68446525 0
1079 68542538 0
1080 68595885 0
1081 68638521 0
1082 68734537 0
1083 68777214 0
1084 68819852 0
1085 68915859 0
1086 68958540 0
1087 69011846 0
1088 69097188 0
1089 69150541 0
1090 69193175 0
1091 69289195 0
1092 69331897 0
1093 69385173 0
1094 69470518 0
1095 69523865 0
1096 69609184 0
1097 69662512 0
1098 69705190 0
1099 69801172 0
1100 69843839 0
1101 69886521 0
1102 69982498 0
1103 70035837 0
1104 70078518 0
1105 70174496 0
1106 70217164 100
1107 70319386 0
1108 70355802 0
1109 70451823 0
1110 70494511 0
1111 70590487 0
1112 70633157 0
1113 70675837 0
1114 70771823 0
1115 70825152 0
1116 70867838 0
1117 70963808 0
1118 71006485 0
1119 71049390 0
1120 71145141 0
1121 71187811 0
1122 71241158 0
1123 71326470 0
1124 71379808 0
1125 71422488 0
1126 71518470 0
1127 71561138 0
1128 71614491 0
1129 71699794 0
1130 71753137 0
1131 71795813 0
1132 71891793 0
1133 71934461 0
1134 71977149 0
1135 72073123 0
1136 72115780 0
1137 72211808 0
1138 72254449 0
1139 72307774 0
1140 72403796 0
1141 72446448 0
1142 72489104 0
1143 72585126 0
1144 72627775 0
1145 72681102 0
1146 72766464 0
1147 72819768 100
1148 72929377 0
1149 72958438 0
1150 73043762 0
1151 73097094 0
1152 73193115 0
1153 73235761 0
1154 73278421 0
1155 73374445 0
1156 73417090 0
1157 73470417 0
1158 73555776 0
1159 73609088 0
1160 73651747 0
1161 73747771 0
1162 73790422 0
1163 73843741 0
1164 73929099 0
1165 73982410 0
1166 74025071 0
1167 74121094 0
1168 74163741 0
1169 74206400 0
1170 74302422 0
1171 74345075 0
1172 74398398 0
1173 74483756 0
1174 74537066 0
1175 74579731 0
1176 74675749 0
1177 74718387 0
1178 74814408 0
1179 74857083 0
1180 74910387 0
1181 74995731 0
1182 75049077 0
1183 75091718 0
1184 75187728 0
1185 75230407 0
1186 75273046 0
1187 75369050 0
1188 75422405 100
1189 75529401 0
1190 75561018 0
1191 75646370 0
1192 75699704 0
1193 75785055 0
1194 75838399 0
1195 75881031 0
1196 75977041 0
1197 76019731 0
1198 76062359 0
1199 76158372 0
1200 76211721 0
1201 76254358 0
1202 76350370 0
1203 76393052 0
1204 76435686 0
1205 76531701 0
1206 76574380 0
1207 76627684 0
1208 76713023 0
1209 76766379 0
1210 76809016 0
1211 76905022 0
1212 76947704 0
1213 77001007 0
1214 77086351 0
1215 77139704 0
1216 77182338 0
1217 77278349 0
1218 77321030 0
1219 77417007 0
1220 77459677 0
1221 77502361 0
1222 77598333 0
1223 77651676 0
1224 77694353 0
1225 77790332 0
1226 77833010 0
1227 77875680 0
1228 77971665 0
1229 78014328 100
1230 78119370 0
1231 78152966 0
1232 78248987 0
1233 78291670 0
1234 78387651 0
1235 78440990 0
1236 78483668 0
1237 78579650 0
1238 78622316 0
1239 78665001 0
1240 78760976 0
1241 78803647 0
1242 78857002 0
1243 78942303 0
1244 78995650 0
1245 79038321 0
1246 79134299 0
1247 79176974 0
1248 79230320 0
1249 79315629 0
1250 79368974 0
1251 79415979 0
1252 79507632 0
1253 79550302 0
1254 79592980 0
1255 79688960 0
1256 79731625 0
1257 79784974 0
1258 79870292 0
1259 79923609 0
# stall_ms 100  spacing 41  first_frames 0
