# mode 2: isolated stalls
# frames 2756  ahead 6  rate 44100  channels 2  events 1280
# k  wait_return_us  stall_ms_taken_after
0 0 0
1 96001 0
2 138667 0
3 234663 0
4 277328 0
5 330690 0
6 416002 0
7 469329 0
8 512002 0
9 607996 0
10 650657 0
11 693340 0
12 789324 0
13 842658 0
14 885323 0
15 981323 0
16 1023982 0
17 1066669 0
18 1162653 0
19 1205311 0
20 1258646 0
21 1343977 0
22 1397312 0
23 1439990 0
24 1535977 0
25 1578643 0
26 1631972 0
27 1717301 0
28 1770640 0
29 1855987 0
30 1909297 0
31 1951968 0
32 2047965 0
33 2090627 0
34 2133290 0
35 2229309 0
36 2271957 0
37 2325291 0
38 2421293 0
39 2463953 0
40 2506618 160
41 2675211 0
42 2675490 0
43 2698620 0
44 2783943 0
45 2837286 0
46 2879943 0
47 2975952 0
48 3018625 0
49 3061279 0
50 3157273 0
51 3210605 0
52 3253271 0
53 3349253 0
54 3391959 0
55 3487940 0
56 3530592 0
57 3573264 0
58 3669265 0
59 3711921 0
60 3765279 0
61 3861266 0
62 3903922 0
63 3946583 0
64 4042588 0
65 4085246 0
66 4138607 0
67 4223919 0
68 4277241 0
69 4319912 0
70 4415912 0
71 4458570 0
72 4501267 0
73 4597256 0
74 4650569 0
75 4693234 0
76 4789244 0
77 4831894 0
78 4874602 0
79 4970565 0
80 5013234 0
81 5109228 160
82 5275207 0
83 5275475 0
84 5290590 0
85 5343890 0
86 5386560 0
87 5482558 0
88 5525217 0
89 5578553 0
90 5663907 0
91 5717212 0
92 5759887 0
93 5855883 0
94 5898548 0
95 5941206 0
96 6037232 0
97 6079874 0
98 6133209 0
99 6229209 0
100 6271869 0
101 6314531 0
102 6410555 0
103 6453201 0
104 6506537 0
105 6591867 0
106 6645211 0
107 6687860 0
108 6783877 0
109 6826530 0
110 6922532 0
111 6965185 0
112 7018522 0
113 7103847 0
114 7157201 0
115 7199855 0
116 7295851 0
117 7338511 0
118 7381175 0
119 7481964 0
120 7519865 0
121 7573179 0
122 7669177 160
123 7835234 0
124 7835526 0
125 7850503 0
126 7893201 0
127 7946505 0
128 8031832 0
129 8085165 0
130 8127827 0
131 8223821 0
132 8266515 0
133 8309166 0
134 8405156 0
135 8458494 0
136 8543828 0
137 8597149 0
138 8639844 0
139 8735828 0
140 8778478 0
141 8821151 0
142 8917160 0
143 8959806 0
144 9013169 0
145 9098480 0
146 9151806 0
147 9194472 0
148 9290476 0
149 9333135 0
150 9386493 0
151 9471806 0
152 9525132 0
153 9567801 0
154 9663805 0
155 9706454 0
156 9749158 0
157 9845133 0
158 9887789 0
159 9941128 0
160 10037121 0
161 10079786 0
162 10175806 0
163 10218449 160
164 10385188 0
165 10385522 0
166 10399780 0
167 10453112 0
168 10538465 0
169 10591778 0
170 10634447 0
171 10730442 0
172 10773107 0
173 10826440 0
174 10911787 0
175 10965106 0
176 11007774 0
177 11103769 0
178 11146428 0
179 11189091 0
180 11285123 0
181 11327762 0
182 11381099 0
183 11477097 0
184 11519757 0
185 11562419 0
186 11658446 0
187 11701083 0
188 11754420 0
189 11839749 0
190 11893085 0
191 11978414 0
192 12031765 0
193 12074419 0
194 12170412 0
195 12213071 0
196 12266411 0
197 12351733 0
198 12405092 0
199 12447740 0
200 12543737 0
201 12586398 0
202 12629067 0
203 12725061 0
204 12767750 160
205 12935330 0
206 12935614 0
207 12959725 0
208 13002396 0
209 13098402 0
210 13141056 0
211 13194398 0
212 13279720 0
213 13333051 0
214 13375723 0
215 13471725 0
216 13514383 0
217 13610383 0
218 13653055 0
219 13695709 0
220 13791708 0
221 13845061 0
222 13887711 0
223 13983716 0
224 14026376 0
225 14069031 0
226 14165045 0
227 14207715 0
228 14261031 0
229 14346369 0
230 14399704 0
231 14442356 0
232 14538361 0
233 14581044 0
234 14634360 0
235 14719693 0
236 14773024 0
237 14815685 0
238 14911684 0
239 14954364 0
240 14997022 0
241 15093012 0
242 15135690 0
243 15231682 0
244 15285020 0
245 15327694 160
246 15495183 0
247 15495457 0
248 15509021 0
249 15605004 0
250 15647673 0
251 15701015 0
252 15786357 0
253 15839673 0
254 15882342 0
255 15978338 0
256 16021004 0
257 16074342 0
258 16159679 0
259 16212997 0
260 16255672 0
261 16351653 0
262 16394322 0
263 16436999 0
264 16533006 0
265 16575658 0
266 16628988 0
267 16714317 0
268 16767648 0
269 16810319 0
270 16906329 0
271 16948990 0
272 17045008 0
273 17087642 0
274 17140975 0
275 17226317 0
276 17279644 0
277 17322309 0
278 17418296 0
279 17460969 0
280 17503628 0
281 17599669 0
282 17652971 0
283 17695640 0
284 17791625 0
285 17834291 0
286 17876956 160
287 18045200 0
288 18045482 0
289 18068988 0
290 18154286 0
291 18207610 0
292 18250276 0
293 18346291 0
294 18388960 0
295 18442288 0
296 18527604 0
297 18580946 0
298 18666272 0
299 18719615 0
300 18762284 0
301 18858271 0
302 18900934 0
303 18943596 0
304 19039602 0
305 19092935 0
306 19135611 0
307 19231599 0
308 19274260 0
309 19316919 0
310 19412923 0
311 19455596 0
312 19508937 0
313 19594255 0
314 19647592 0
315 19690246 0
316 19786251 0
317 19828927 0
318 19882259 0
319 19967582 0
320 20020919 0
321 20063572 0
322 20159568 0
323 20202250 0
324 20298260 0
325 20340909 0
326 20383574 0
327 20479560 160
328 20645209 0
329 20645476 0
330 20671592 0
331 20714234 0
332 20756904 0
333 20852891 0
334 20895558 0
335 20948900 0
336 21034260 0
337 21087561 0
338 21130228 0
339 21226216 0
340 21268880 0
341 21311562 0
342 21407574 0
343 21460884 0
344 21503555 0
345 21599544 0
346 21642207 0
347 21684882 0
348 21780899 0
349 21823542 0
350 21876877 0
351 21962200 0
352 22015534 0
353 22111554 0
354 22154213 0
355 22196872 0
356 22292857 0
357 22335524 0
358 22388858 0
359 22474203 0
360 22527534 0
361 22570200 0
362 22666185 0
363 22708847 0
364 22751515 0
365 22847535 0
366 22900858 0
367 22943524 0
368 23039519 160
369 23205235 0
370 23205528 0
371 23220863 0
372 23263524 0
373 23316847 0
374 23402179 0
375 23455505 0
376 23498172 0
377 23594179 0
378 23636857 0
379 23732834 0
380 23775494 0
381 23828837 0
382 23914157 0
383 23967499 0
384 24010181 0
385 24106164 0
386 24148816 0
387 24191490 0
388 24287488 0
389 24330158 0
390 24383504 0
391 24479485 0
392 24522141 0
393 24564813 0
394 24660815 0
395 24703482 0
396 24756833 0
397 24842142 0
398 24895472 0
399 24938140 0
400 25034135 0
401 25076819 0
402 25119491 0
403 25215464 0
404 25268798 0
405 25354129 0
406 25407463 0
407 25450139 0
408 25546147 0
409 25588789 160
410 25755207 0
411 25755542 0
412 25770128 0
413 25823470 0
414 25919455 0
415 25962114 0
416 26004807 0
417 26100793 0
418 26143454 0
419 26196795 0
420 26282109 0
421 26335443 0
422 26378132 0
423 26474105 0
424 26516774 0
425 26559461 0
426 26655439 0
427 26708767 0
428 26751459 0
429 26847433 0
430 26890099 0
431 26932781 0
432 27028756 0
433 27071428 0
434 27167456 0
435 27210094 0
436 27263432 0
437 27348762 0
438 27402085 0
439 27444755 0
440 27540771 0
441 27583419 0
442 27636760 0
443 27722114 0
444 27775408 0
445 27818081 0
446 27914098 0
447 27956744 0
448 27999407 0
449 28095422 0
450 28138061 160
451 28305208 0
452 28305491 0
453 28330068 0
454 28372733 0
455 28468745 0
456 28511390 0
457 28564726 0
458 28650087 0
459 28703401 0
460 28788724 0
461 28842065 0
462 28884722 0
463 28980755 0
464 29023403 0
465 29076723 0
466 29162055 0
467 29215390 0
468 29258045 0
469 29354052 0
470 29396731 0
471 29439376 0
472 29535377 0
473 29578046 0
474 29631371 0
475 29727378 0
476 29770053 0
477 29812707 0
478 29908703 0
479 29951371 0
480 30004695 0
481 30090031 0
482 30143392 0
483 30186039 0
484 30282021 0
485 30324700 0
486 30420688 0
487 30463350 0
488 30516707 0
489 30602017 0
490 30655354 0
491 30698027 160
492 30865193 0
493 30865468 0
494 30879367 0
495 30975343 0
496 31018013 0
497 31071351 0
498 31156682 0
499 31210005 0
500 31252696 0
501 31348671 0
502 31391340 0
503 31444674 0
504 31530000 0
505 31583328 0
506 31626021 0
507 31721997 0
508 31764665 0
509 31807339 0
510 31903319 0
511 31945988 0
512 31999320 0
513 32095306 0
514 32137999 0
515 32233999 0
516 32276643 0
517 32319316 0
518 32415332 0
519 32457982 0
520 32511314 0
521 32596655 0
522 32649968 0
523 32692648 0
524 32788664 0
525 32831307 0
526 32884641 0
527 32969979 0
528 33023289 0
529 33065969 0
530 33161997 0
531 33204633 0
532 33247297 160
533 33415194 0
534 33415473 0
535 33439295 0
536 33535295 0
537 33577956 0
538 33620616 0
539 33716635 0
540 33759306 0
541 33855293 0
542 33897954 0
543 33951283 0
544 34036615 0
545 34089949 0
546 34132634 0
547 34228620 0
548 34271274 0
549 34324609 0
550 34409937 0
551 34463276 0
552 34505956 0
553 34601951 0
554 34644597 0
555 34687265 0
556 34783269 0
557 34825939 0
558 34879283 0
559 34964601 0
560 35017926 0
561 35060589 0
562 35156602 0
563 35199259 0
564 35252612 0
565 35337915 0
566 35391259 0
567 35476579 0
568 35529908 0
569 35572588 0
570 35668595 0
571 35711241 0
572 35753918 0
573 35849909 160
574 36015212 0
575 36015477 0
576 36041929 0
577 36084574 0
578 36127239 0
579 36223235 0
580 36265898 0
581 36319224 0
582 36404580 0
583 36457901 0
584 36500565 0
585 36596555 0
586 36639218 0
587 36692569 0
588 36777909 0
589 36831223 0
590 36873896 0
591 36969880 0
592 37012545 0
593 37108541 0
594 37151233 0
595 37193893 0
596 37289868 0
597 37343201 0
598 37385873 0
599 37481866 0
600 37524556 0
601 37567214 0
602 37663189 0
603 37705865 0
604 37759195 0
605 37844531 0
606 37897888 0
607 37940536 0
608 38036516 0
609 38079186 0
610 38132521 0
611 38217857 0
612 38271205 0
613 38313867 0
614 38409853 160
615 38575227 0
616 38575513 0
617 38591178 0
618 38633863 0
619 38687180 0
620 38772507 0
621 38825845 0
622 38921848 0
623 38964497 0
624 39007192 0
625 39103170 0
626 39145833 0
627 39199168 0
628 39284502 0
629 39337822 0
630 39380522 0
631 39476496 0
632 39519155 0
633 39561821 0
634 39657829 0
635 39711146 0
636 39753844 0
637 39849827 0
638 39892479 0
639 39935151 0
640 40031154 0
641 40073805 0
642 40127168 0
643 40212492 0
644 40265806 0
645 40308470 0
646 40404471 0
647 40447139 0
648 40543153 0
649 40585803 0
650 40639140 0
651 40724467 0
652 40777799 0
653 40820461 0
654 40916488 0
655 40959125 160
656 41125195 0
657 41125531 0
658 41151122 0
659 41193784 0
660 41289813 0
661 41332449 0
662 41375123 0
663 41471119 0
664 41513778 0
665 41567111 0
666 41652465 0
667 41705778 0
668 41748446 0
669 41844446 0
670 41887110 0
671 41940443 0
672 42025786 0
673 42079105 0
674 42164440 0
675 42217766 0
676 42260439 0
677 42356423 0
678 42399122 0
679 42441764 0
680 42537763 0
681 42580423 0
682 42633755 0
683 42729750 0
684 42772439 0
685 42815090 0
686 42911086 0
687 42953751 0
688 43007084 0
689 43092410 0
690 43145770 0
691 43188413 0
692 43284420 0
693 43327073 0
694 43369741 0
695 43465734 0
696 43519087 160
697 43685195 0
698 43685474 0
699 43700401 0
700 43743072 0
701 43839078 0
702 43881727 0
703 43977740 0
704 44020402 0
705 44073727 0
706 44169725 0
707 44212406 0
708 44255064 0
709 44351058 0
710 44393727 0
711 44447052 0
712 44532383 0
713 44585732 0
714 44628382 0
715 44724383 0
716 44767054 0
717 44809710 0
718 44905713 0
719 44959064 0
720 45001712 0
721 45097711 0
722 45140376 0
723 45183033 0
724 45279047 0
725 45321715 0
726 45375042 0
727 45460367 0
728 45513712 0
729 45599032 0
730 45652360 0
731 45695051 0
732 45791030 0
733 45833687 0
734 45887037 0
735 45972365 0
736 46025699 0
737 46068369 160
738 46235185 0
739 46235453 0
740 46249690 0
741 46345684 0
742 46388345 0
743 46441687 0
744 46537701 0
745 46580347 0
746 46623016 0
747 46719007 0
748 46761672 0
749 46815038 0
750 46900357 0
751 46953675 0
752 46996345 0
753 47092326 0
754 47135028 0
755 47231004 0
756 47273670 0
757 47327008 0
758 47412320 0
759 47465657 0
760 47508324 0
761 47604335 0
762 47646997 0
763 47689658 0
764 47785646 0
765 47828320 0
766 47881739 0
767 47977662 0
768 48020327 0
769 48062988 0
770 48158973 0
771 48201644 0
772 48254985 0
773 48340325 0
774 48393651 0
775 48436310 0
776 48532304 0
777 48574980 0
778 48617635 160
779 48785188 0
780 48785470 0
781 48809663 0
782 48905625 0
783 48948290 0
784 49044294 0
785 49086965 0
786 49129637 0
787 49225627 0
788 49268285 0
789 49321615 0
790 49406946 0
791 49460289 0
792 49502959 0
793 49598949 0
794 49641614 0
795 49694948 0
796 49780271 0
797 49833611 0
798 49876294 0
799 49972272 0
800 50014951 0
801 50057597 0
802 50153598 0
803 50196271 0
804 50249611 0
805 50345610 0
806 50388263 0
807 50430919 0
808 50526923 0
809 50569600 0
810 50665610 0
811 50708263 0
812 50761594 0
813 50846907 0
814 50900246 0
815 50942928 0
816 51038934 0
817 51081584 0
818 51134931 0
819 51220234 160
820 51385226 0
821 51385490 0
822 51412264 0
823 51454920 0
824 51497577 0
825 51593568 0
826 51636231 0
827 51689575 0
828 51785585 0
829 51828231 0
830 51870905 0
831 51966895 0
832 52009554 0
833 52062904 0
834 52148246 0
835 52201565 0
836 52286883 0
837 52340218 0
838 52382883 0
839 52478893 0
840 52521561 0
841 52574889 0
842 52660210 0
843 52713535 0
844 52756205 0
845 52852220 0
846 52894889 0
847 52937550 0
848 53033536 0
849 53076200 0
850 53129531 0
851 53214882 0
852 53268211 0
853 53310876 0
854 53406866 0
855 53449528 0
856 53502854 0
857 53588203 0
858 53641540 0
859 53684201 0
860 53780188 160
861 53945234 0
862 53945531 0
863 53961525 0
864 54004208 0
865 54100186 0
866 54153511 0
867 54196186 0
868 54292178 0
869 54334850 0
870 54377541 0
871 54473511 0
872 54516170 0
873 54569506 0
874 54654835 0
875 54708182 0
876 54750852 0
877 54846838 0
878 54889497 0
879 54942835 0
880 55028163 0
881 55081505 0
882 55124181 0
883 55220160 0
884 55262820 0
885 55305491 0
886 55401492 0
887 55444157 0
888 55497506 0
889 55593481 0
890 55636152 0
891 55732144 0
892 55774815 0
893 55817487 0
894 55913494 0
895 55956144 0
896 56009476 0
897 56094804 0
898 56148140 0
899 56190815 0
900 56286821 0
901 56329466 160
902 56495194 0
903 56495532 0
904 56521466 0
905 56564146 0
906 56660129 0
907 56702788 0
908 56745487 0
909 56841459 0
910 56884123 0
911 56937473 0
912 57022787 0
913 57076115 0
914 57118811 0
915 57214781 0
916 57257455 0
917 57353450 0
918 57396112 0
919 57449451 0
920 57534797 0
921 57588109 0
922 57630776 0
923 57726780 0
924 57769434 0
925 57812108 0
926 57908127 0
927 57961436 0
928 58004126 0
929 58100112 0
930 58142756 0
931 58185434 0
932 58281454 0
933 58324090 0
934 58377425 0
935 58462765 0
936 58516086 0
937 58558756 0
938 58654778 0
939 58697424 0
940 58750750 0
941 58836088 0
942 58889409 160
943 59055198 0
944 59055480 0
945 59070746 0
946 59166743 0
947 59209412 0
948 59252070 0
949 59348073 0
950 59401425 0
951 59444069 0
952 59540064 0
953 59582738 0
954 59625394 0
955 59721397 0
956 59764084 0
957 59817396 0
958 59902722 0
959 59956067 0
960 59998721 0
961 60094725 0
962 60137406 0
963 60190729 0
964 60276050 0
965 60329390 0
966 60372048 0
967 60468054 0
968 60510733 0
969 60553376 0
970 60649369 0
971 60692052 0
972 60788043 0
973 60830706 0
974 60884059 0
975 60980037 0
976 61022705 0
977 61065377 0
978 61161366 0
979 61204031 0
980 61257393 0
981 61342697 0
982 61396024 0
983 61438712 160
984 61605192 0
985 61605468 0
986 61620051 0
987 61716015 0
988 61769354 0
989 61812024 0
990 61908012 0
991 61950678 0
992 61993369 0
993 62089346 0
994 62132018 0
995 62185353 0
996 62270669 0
997 62324010 0
998 62409363 0
999 62462679 0
1000 62505340 0
1001 62601347 0
1002 62643993 0
1003 62697338 0
1004 62782688 0
1005 62835995 0
1006 62878664 0
1007 62974672 0
1008 63017317 0
1009 63059994 0
1010 63156018 0
1011 63209321 0
1012 63251986 0
1013 63347997 0
1014 63390641 0
1015 63433314 0
1016 63529343 0
1017 63571979 0
1018 63625313 0
1019 63710657 0
1020 63763971 0
1021 63806645 0
1022 63902660 0
1023 63945312 0
1024 63998620 160
1025 64165195 0
1026 64165471 0
1027 64222635 0
1028 64275966 0
1029 64318634 0
1030 64414630 0
1031 64457305 0
1032 64499987 0
1033 64595973 0
1034 64638622 0
1035 64691955 0
1036 64787957 0
1037 64830625 0
1038 64873308 0
1039 64969286 0
1040 65011952 0
1041 65065282 0
1042 65150616 0
1043 65203954 0
1044 65246635 0
1045 65342615 0
1046 65385273 0
1047 65427941 0
1048 65523949 0
1049 65577277 0
1050 65619959 0
1051 65715932 0
1052 65758603 0
1053 65854599 0
1054 65897258 0
1055 65939940 0
1056 66035946 0
1057 66078588 0
1058 66131931 0
1059 66227921 0
1060 66270585 0
1061 66313266 0
1062 66409270 0
1063 66451920 0
1064 66505263 0
1065 66590579 160
1066 66755213 0
1067 66755479 0
1068 66782605 0
1069 66825248 0
1070 66867917 0
1071 66963905 0
1072 67017235 0
1073 67059901 0
1074 67155921 0
1075 67198575 0
1076 67241240 0
1077 67337227 0
1078 67379898 0
1079 67475896 0
1080 67518581 0
1081 67571903 0
1082 67657212 0
1083 67710556 0
1084 67753215 0
1085 67849210 0
1086 67891905 0
1087 67945232 0
1088 68030539 0
1089 68083908 0
1090 68126549 0
1091 68222541 0
1092 68265230 0
1093 68307886 0
1094 68403867 0
1095 68446535 0
1096 68499875 0
1097 68595866 0
1098 68638554 0
1099 68681209 0
1100 68777202 0
1101 68819861 0
1102 68873194 0
1103 68958514 0
1104 69011887 0
1105 69097195 0
1106 69150528 160
1107 69315229 0
1108 69315517 0
1109 69331848 0
1110 69385215 0
1111 69470517 0
1112 69523852 0
1113 69566513 0
1114 69662523 0
1115 69705173 0
1116 69747874 0
1117 69843848 0
1118 69886503 0
1119 69939839 0
1120 70035847 0
1121 70078499 0
1122 70121196 0
1123 70217173 0
1124 70259834 0
1125 70313163 0
1126 70398501 0
1127 70451828 0
1128 70494518 0
1129 70590501 0
1130 70633156 0
1131 70675825 0
1132 70771821 0
1133 70825153 0
1134 70910503 0
1135 70963817 0
1136 71006489 0
1137 71102482 0
1138 71145147 0
1139 71187810 0
1140 71283836 0
1141 71326475 0
1142 71379810 0
1143 71465143 0
1144 71518478 0
1145 71561133 0
1146 71657156 0
1147 71699802 160
1148 71865189 0
1149 71865521 0
1150 71891797 0
1151 71934462 0
1152 72030486 0
1153 72073127 0
1154 72115801 0
1155 72211794 0
1156 72254458 0
1157 72307787 0
1158 72403802 0
1159 72446454 0
1160 72542459 0
1161 72585113 0
1162 72627781 0
1163 72723774 0
1164 72766472 0
1165 72819780 0
1166 72905107 0
1167 72958442 0
1168 73001106 0
1169 73097102 0
1170 73139795 0
1171 73193107 0
1172 73278434 0
1173 73331766 0
1174 73374431 0
1175 73470422 0
1176 73513120 0
1177 73555774 0
1178 73651765 0
1179 73694424 0
1180 73747757 0
1181 73843753 0
1182 73886443 0
1183 73929091 0
1184 74025089 0
1185 74067758 0
1186 74163756 0
1187 74206412 0
1188 74259779 160
1189 74425211 0
1190 74425494 0
1191 74441076 0
1192 74537075 0
1193 74579763 0
1194 74633075 0
1195 74718408 0
1196 74771740 0
1197 74814400 0
1198 74910403 0
1199 74953082 0
1200 74995729 0
1201 75091738 0
1202 75134402 0
1203 75187725 0
1204 75273065 0
1205 75326408 0
1206 75369055 0
1207 75465056 0
1208 75507729 0
1209 75561056 0
1210 75646386 0
1211 75699735 0
1212 75742379 0
1213 75838376 0
1214 75881056 0
1215 75977047 0
1216 76019711 0
1217 76062402 0
1218 76158382 0
1219 76211706 0
1220 76254381 0
1221 76350377 0
1222 76393038 0
1223 76435722 0
1224 76531704 0
1225 76574369 0
1226 76627710 0
1227 76713030 0
1228 76766364 0
1229 76809043 160
1230 76975184 0
1231 76975453 0
1232 77001032 0
1233 77086355 0
1234 77139694 0
1235 77182367 0
1236 77278377 0
1237 77321020 0
1238 77363691 0
1239 77459676 0
1240 77502349 0
1241 77598364 0
1242 77651687 0
1243 77694352 0
1244 77790337 0
1245 77833007 0
1246 77875672 0
1247 77971683 0
1248 78014343 0
1249 78067680 0
1250 78152999 0
1251 78206360 0
1252 78249000 0
1253 78345010 0
1254 78387670 0
1255 78441006 0
1256 78526317 0
1257 78579656 0
1258 78622333 0
1259 78718337 0
1260 78760996 0
1261 78803660 0
1262 78899653 0
1263 78942320 0
1264 78995649 0
1265 79080985 0
1266 79134326 0
1267 79230315 0
1268 79272982 0
1269 79315650 0
1270 79411638 160
1271 79575191 0
1272 79575475 0
1273 79592999 0
1274 79646315 0
1275 79688965 0
1276 79784975 0
1277 79827636 0
1278 79870311 0
1279 79966298 0
# stall_ms 160  spacing 41  first_frames 0
