# mode 2: isolated stalls
# frames 2756  ahead 6  rate 44100  channels 2  events 1279
# k  wait_return_us  stall_ms_taken_after
0 0 0
1 95976 0
2 138651 0
3 234663 0
4 277319 0
5 330679 0
6 416006 0
7 469317 0
8 511982 0
9 607988 0
10 650653 0
11 693344 0
12 789322 0
13 842644 0
14 885307 0
15 981314 0
16 1023974 0
17 1066663 0
18 1162653 0
19 1205300 0
20 1258638 0
21 1343973 0
22 1397303 0
23 1439985 0
24 1535980 0
25 1578626 0
26 1631959 0
27 1717294 0
28 1770630 0
29 1855978 0
30 1909294 0
31 1951954 0
32 2047951 0
33 2090617 0
34 2133287 0
35 2229301 0
36 2271953 0
37 2325280 0
38 2421282 0
39 2463939 0
40 2506614 220
41 2729389 0
42 2729712 0
43 2729976 0
44 2783936 0
45 2837265 0
46 2879939 0
47 2975955 0
48 3018605 0
49 3061270 0
50 3157261 0
51 3210589 0
52 3253266 0
53 3349309 0
54 3391935 0
55 3487922 0
56 3530587 0
57 3573254 0
58 3669255 0
59 3711937 0
60 3765261 0
61 3861253 0
62 3903928 0
63 3946578 0
64 4042581 0
65 4085260 0
66 4138590 0
67 4223914 0
68 4277237 0
69 4319907 0
70 4415907 0
71 4458580 0
72 4501239 0
73 4597234 0
74 4650566 0
75 4693227 0
76 4789239 0
77 4831908 0
78 4874569 0
79 4970553 0
80 5013226 0
81 5109224 220
82 5339424 0
83 5339653 0
84 5339961 0
85 5343891 0
86 5386522 0
87 5482538 0
88 5525209 0
89 5621234 0
90 5663896 0
91 5717218 0
92 5802538 0
93 5855863 0
94 5898539 0
95 5994562 0
96 6037214 0
97 6079877 0
98 6175863 0
99 6229202 0
100 6271865 0
101 6367884 0
102 6410543 0
103 6453201 0
104 6549200 0
105 6591852 0
106 6645189 0
107 6730553 0
108 6783863 0
109 6826524 0
110 6922517 0
111 6965174 0
112 7018512 0
113 7103861 0
114 7157195 0
115 7242508 0
116 7295833 0
117 7338508 0
118 7434507 0
119 7477185 0
120 7519855 0
121 7615836 0
122 7669185 220
123 7899391 0
124 7899657 0
125 7899882 0
126 7900196 0
127 7989148 0
128 8085142 0
129 8127821 0
130 8223819 0
131 8266496 0
132 8309179 0
133 8405159 0
134 8458478 0
135 8501146 0
136 8597142 0
137 8639828 0
138 8682495 0
139 8778482 0
140 8821136 0
141 8874469 0
142 8959806 0
143 9013150 0
144 9055825 0
145 9151800 0
146 9194456 0
147 9247798 0
148 9333129 0
149 9386474 0
150 9429152 0
151 9525126 0
152 9567784 0
153 9610452 0
154 9706449 0
155 9749232 0
156 9845133 0
157 9887789 0
158 9941114 0
159 10037113 0
160 10079776 0
161 10122461 0
162 10218461 0
163 10261112 220
164 10489408 0
165 10489666 0
166 10489937 0
167 10495800 0
168 10591782 0
169 10634424 0
170 10677101 0
171 10773108 0
172 10826419 0
173 10869117 0
174 10965109 0
175 11007754 0
176 11050422 0
177 11146423 0
178 11189082 0
179 11242444 0
180 11327761 0
181 11381087 0
182 11477089 0
183 11519742 0
184 11562414 0
185 11658430 0
186 11701092 0
187 11754410 0
188 11839748 0
189 11893068 0
190 11935743 0
191 12031757 0
192 12074412 0
193 12117067 0
194 12213072 0
195 12266396 0
196 12309067 0
197 12405088 0
198 12447741 0
199 12490394 0
200 12586393 0
201 12629052 0
202 12682392 0
203 12767737 0
204 12821077 220
205 13049394 0
206 13049628 0
207 13049885 0
208 13098379 0
209 13141066 0
210 13194387 0
211 13279719 0
212 13333036 0
213 13375712 0
214 13471706 0
215 13514393 0
216 13557051 0
217 13653044 0
218 13695693 0
219 13749041 0
220 13845031 0
221 13887718 0
222 13930377 0
223 14026365 0
224 14069021 0
225 14122363 0
226 14207689 0
227 14261043 0
228 14303703 0
229 14399698 0
230 14442343 0
231 14485025 0
232 14581017 0
233 14634366 0
234 14677025 0
235 14773013 0
236 14815681 0
237 14911681 0
238 14954340 0
239 14997029 0
240 15093019 0
241 15135668 0
242 15188997 0
243 15285003 0
244 15327670 0
245 15370355 220
246 15599447 0
247 15599712 0
248 15599941 0
249 15647658 0
250 15700990 0
251 15743672 0
252 15839680 0
253 15882316 0
254 15924987 0
255 16020982 0
256 16074318 0
257 16116995 0
258 16212998 0
259 16255641 0
260 16298318 0
261 16394307 0
262 16436981 0
263 16532999 0
264 16575645 0
265 16628972 0
266 16714302 0
267 16767635 0
268 16810307 0
269 16906328 0
270 16948969 0
271 17002298 0
272 17087628 0
273 17140963 0
274 17183628 0
275 17279645 0
276 17322298 0
277 17364959 0
278 17460963 0
279 17503622 0
280 17556956 0
281 17652973 0
282 17695624 0
283 17738280 0
284 17834290 0
285 17876950 0
286 17930279 220
287 18159375 0
288 18159703 0
289 18159974 0
290 18207607 0
291 18250252 0
292 18346261 0
293 18388958 0
294 18484961 0
295 18527591 0
296 18580934 0
297 18666261 0
298 18719588 0
299 18762274 0
300 18858280 0
301 18900921 0
302 18943594 0
303 19039585 0
304 19092913 0
305 19135603 0
306 19231596 0
307 19274246 0
308 19316918 0
309 19412913 0
310 19455577 0
311 19508925 0
312 19594256 0
313 19647569 0
314 19690244 0
315 19786236 0
316 19828896 0
317 19882255 0
318 19967575 0
319 20020901 0
320 20106229 0
321 20159566 0
322 20202223 0
323 20298250 0
324 20340899 0
325 20383560 0
326 20479555 0
327 20522224 220
328 20749413 0
329 20749639 0
330 20749955 0
331 20756893 0
332 20852878 0
333 20895548 0
334 20948884 0
335 21034226 0
336 21087544 0
337 21130214 0
338 21226205 0
339 21268865 0
340 21311541 0
341 21407554 0
342 21460880 0
343 21503538 0
344 21599528 0
345 21642200 0
346 21738192 0
347 21780875 0
348 21823532 0
349 21919529 0
350 21962190 0
351 22015522 0
352 22111519 0
353 22154199 0
354 22196861 0
355 22292849 0
356 22335511 0
357 22388849 0
358 22474184 0
359 22527529 0
360 22570193 0
361 22666181 0
362 22708839 0
363 22751506 0
364 22847502 0
365 22900862 0
366 22943514 0
367 23039503 0
368 23082162 220
369 23309388 0
370 23309660 0
371 23309886 0
372 23359502 0
373 23402159 0
374 23455490 0
375 23540829 0
376 23594151 0
377 23636843 0
378 23732830 0
379 23775488 0
380 23828813 0
381 23914163 0
382 23967476 0
383 24010174 0
384 24106157 0
385 24148814 0
386 24191473 0
387 24287478 0
388 24330131 0
389 24383495 0
390 24479483 0
391 24522138 0
392 24564798 0
393 24660805 0
394 24703457 0
395 24756815 0
396 24842136 0
397 24895458 0
398 24938127 0
399 25034121 0
400 25076787 0
401 25172806 0
402 25215467 0
403 25268790 0
404 25354115 0
405 25407446 0
406 25450121 0
407 25546141 0
408 25588795 0
409 25631456 220
410 25859378 0
411 25859640 0
412 25859911 0
413 25919469 0
414 25962130 0
415 26004770 0
416 26100768 0
417 26143428 0
418 26196771 0
419 26282115 0
420 26335431 0
421 26378092 0
422 26474094 0
423 26516758 0
424 26559432 0
425 26655442 0
426 26708773 0
427 26794085 0
428 26847412 0
429 26890088 0
430 26986086 0
431 27028769 0
432 27071432 0
433 27167410 0
434 27210068 0
435 27263409 0
436 27348740 0
437 27402093 0
438 27444755 0
439 27540742 0
440 27583398 0
441 27636739 0
442 27722067 0
443 27775417 0
444 27818080 0
445 27914060 0
446 27956725 0
447 27999393 0
448 28095393 0
449 28138082 0
450 28191404 220
451 28419395 0
452 28419631 0
453 28426063 0
454 28468714 0
455 28511410 0
456 28607408 0
457 28650041 0
458 28703375 0
459 28788714 0
460 28842041 0
461 28884740 0
462 28980732 0
463 29023365 0
464 29076701 0
465 29162040 0
466 29215370 0
467 29258051 0
468 29354040 0
469 29396691 0
470 29439360 0
471 29535365 0
472 29578027 0
473 29631382 0
474 29727373 0
475 29770013 0
476 29812688 0
477 29908693 0
478 29951358 0
479 30004707 0
480 30090025 0
481 30143349 0
482 30228681 0
483 30282008 0
484 30324676 0
485 30420694 0
486 30463345 0
487 30516670 0
488 30602000 0
489 30655334 0
490 30698005 0
491 30794019 220
492 31019451 0
493 31019708 0
494 31019934 0
495 31020197 0
496 31071314 0
497 31156652 0
498 31209996 0
499 31305993 0
500 31348657 0
501 31391316 0
502 31487316 0
503 31530002 0
504 31583320 0
505 31668650 0
506 31721988 0
507 31764640 0
508 31860639 0
509 31903329 0
510 31945984 0
511 32041977 0
512 32095313 0
513 32137969 0
514 32233967 0
515 32276649 0
516 32319304 0
517 32415300 0
518 32457969 0
519 32511291 0
520 32596628 0
521 32649975 0
522 32692634 0
523 32788626 0
524 32831281 0
525 32927290 0
526 32969959 0
527 33023305 0
528 33108632 0
529 33161947 0
530 33204610 0
531 33300613 0
532 33343280 220
533 33569373 0
534 33569686 0
535 33569955 0
536 33577938 0
537 33673939 0
538 33716604 0
539 33759283 0
540 33855287 0
541 33897942 0
542 33951257 0
543 34036606 0
544 34089924 0
545 34132608 0
546 34228616 0
547 34271262 0
548 34324585 0
549 34409924 0
550 34463251 0
551 34548603 0
552 34601938 0
553 34644589 0
554 34740590 0
555 34783254 0
556 34825903 0
557 34921933 0
558 34964597 0
559 35017920 0
560 35113912 0
561 35156580 0
562 35199236 0
563 35295259 0
564 35337924 0
565 35391234 0
566 35476564 0
567 35529904 0
568 35572556 0
569 35668584 0
570 35711250 0
571 35753895 0
572 35849894 0
573 35903232 220
574 36129419 0
575 36129646 0
576 36129960 0
577 36180559 0
578 36223218 0
579 36265881 0
580 36361883 0
581 36404568 0
582 36457881 0
583 36543209 0
584 36596545 0
585 36639186 0
586 36735212 0
587 36777896 0
588 36831211 0
589 36916537 0
590 36969876 0
591 37012528 0
592 37108537 0
593 37151218 0
594 37193869 0
595 37289860 0
596 37343194 0
597 37385854 0
598 37481858 0
599 37524541 0
600 37567190 0
601 37663186 0
602 37705857 0
603 37759214 0
604 37844517 0
605 37897863 0
606 37983188 0
607 38036523 0
608 38079198 0
609 38175173 0
610 38217846 0
611 38271196 0
612 38356511 0
613 38409839 0
614 38452501 220
615 38679415 0
616 38679686 0
617 38679909 0
618 38729850 0
619 38772498 0
620 38825823 0
621 38921828 0
622 38964490 0
623 39007174 0
624 39103175 0
625 39145826 0
626 39199152 0
627 39284490 0
628 39337819 0
629 39380503 0
630 39476502 0
631 39519158 0
632 39615143 0
633 39657814 0
634 39711138 0
635 39796490 0
636 39849826 0
637 39892477 0
638 39988468 0
639 40031135 0
640 40073801 0
641 40169815 0
642 40212479 0
643 40265799 0
644 40351130 0
645 40404457 0
646 40447116 0
647 40543144 0
648 40585806 0
649 40639134 0
650 40724449 0
651 40777788 0
652 40820447 0
653 40916470 0
654 40959143 0
655 41001780 220
656 41229376 0
657 41229640 0
658 41236448 0
659 41289800 0
660 41332456 0
661 41428440 0
662 41471107 0
663 41513771 0
664 41609775 0
665 41652456 0
666 41705779 0
667 41791104 0
668 41844437 0
669 41887097 0
670 41983093 0
671 42025789 0
672 42079110 0
673 42164423 0
674 42217760 0
675 42260423 0
676 42356419 0
677 42399112 0
678 42441769 0
679 42537746 0
680 42580416 0
681 42633750 0
682 42729746 0
683 42772437 0
684 42815088 0
685 42911075 0
686 42953730 0
687 43049738 0
688 43092411 0
689 43145759 0
690 43231077 0
691 43284397 0
692 43327057 0
693 43423061 0
694 43465733 0
695 43519077 0
696 43604401 220
697 43829396 0
698 43829631 0
699 43829895 0
700 43839060 0
701 43881743 0
702 43977731 0
703 44020380 0
704 44073707 0
705 44169718 0
706 44212378 0
707 44255065 0
708 44351060 0
709 44393711 0
710 44447032 0
711 44532375 0
712 44585694 0
713 44671049 0
714 44724381 0
715 44767026 0
716 44863038 0
717 44905704 0
718 44959024 0
719 45044377 0
720 45097700 0
721 45140359 0
722 45236358 0
723 45279026 0
724 45321679 0
725 45417707 0
726 45460361 0
727 45513679 0
728 45599021 0
729 45652352 0
730 45695003 0
731 45791032 0
732 45833687 0
733 45887001 0
734 45972343 0
735 46025680 0
736 46068329 0
737 46164360 220
738 46389445 0
739 46389709 0
740 46389938 0
741 46390200 0
742 46484330 0
743 46537676 0
744 46580329 0
745 46676327 0
746 46718994 0
747 46761655 0
748 46857655 0
749 46900338 0
750 46953659 0
751 47038987 0
752 47092319 0
753 47134987 0
754 47230977 0
755 47273660 0
756 47326979 0
757 47412311 0
758 47468591 0
759 47508313 0
760 47604301 0
761 47646985 0
762 47689645 0
763 47785635 0
764 47828306 0
765 47881636 0
766 47977631 0
767 48020305 0
768 48116307 0
769 48158963 0
770 48201617 0
771 48297635 0
772 48340292 0
773 48393635 0
774 48478969 0
775 48532285 0
776 48574944 0
777 48670946 0
778 48713621 220
779 48939387 0
780 48939703 0
781 48939966 0
782 48948274 0
783 49044275 0
784 49086937 0
785 49129621 0
786 49225618 0
787 49268267 0
788 49321593 0
789 49406932 0
790 49460266 0
791 49502946 0
792 49598942 0
793 49641589 0
794 49737592 0
795 49780269 0
796 49833579 0
797 49918941 0
798 49972268 0
799 50014917 0
800 50110918 0
801 50153592 0
802 50196244 0
803 50292269 0
804 50345588 0
805 50388239 0
806 50484248 0
807 50526916 0
808 50569567 0
809 50665593 0
810 50708248 0
811 50761565 0
812 50846906 0
813 50900240 0
814 50942892 0
815 51038918 0
816 51081574 0
817 51134889 0
818 51220234 0
819 51273560 220
820 51499412 0
821 51499637 0
822 51499951 0
823 51550897 0
824 51593555 0
825 51636213 0
826 51732221 0
827 51785570 0
828 51828217 0
829 51924217 0
830 51966877 0
831 52009536 0
832 52105541 0
833 52148232 0
834 52201550 0
835 52286876 0
836 52340204 0
837 52382860 0
838 52478865 0
839 52521559 0
840 52574872 0
841 52660201 0
842 52713532 0
843 52756188 0
844 52852196 0
845 52894887 0
846 52937528 0
847 53033526 0
848 53076186 0
849 53172186 0
850 53214856 0
851 53268203 0
852 53364195 0
853 53406851 0
854 53449508 0
855 53545514 0
856 53588181 0
857 53641529 0
858 53726855 0
859 53780181 0
860 53822835 220
861 54049398 0
862 54049668 0
863 54049889 0
864 54100183 0
865 54153501 0
866 54196160 0
867 54292163 0
868 54334828 0
869 54377513 0
870 54473509 0
871 54516159 0
872 54569479 0
873 54654824 0
874 54708145 0
875 54793500 0
876 54846834 0
877 54889485 0
878 54985479 0
879 55028145 0
880 55081470 0
881 55166827 0
882 55220169 0
883 55262804 0
884 55358798 0
885 55401467 0
886 55444132 0
887 55540156 0
888 55593486 0
889 55636137 0
890 55732129 0
891 55774793 0
892 55817456 0
893 55913485 0
894 55956140 0
895 56009475 0
896 56094790 0
897 56148120 0
898 56190779 0
899 56286814 0
900 56329456 0
901 56425448 220
902 56649390 0
903 56649658 0
904 56649925 0
905 56660142 0
906 56702791 0
907 56798775 0
908 56841436 0
909 56884097 0
910 56980108 0
911 57022792 0
912 57076114 0
913 57172101 0
914 57214758 0
915 57257430 0
916 57353429 0
917 57396118 0
918 57449439 0
919 57534759 0
920 57588087 0
921 57630750 0
922 57726759 0
923 57769451 0
924 57812095 0
925 57908084 0
926 57961415 0
927 58004072 0
928 58100084 0
929 58142766 0
930 58238763 0
931 58281406 0
932 58324064 0
933 58420070 0
934 58462739 0
935 58516089 0
936 58601415 0
937 58654733 0
938 58697391 0
939 58793404 0
940 58836095 0
941 58889421 0
942 58974742 220
943 59199402 0
944 59199630 0
945 59199893 0
946 59209398 0
947 59252083 0
948 59348064 0
949 59401381 0
950 59444044 0
951 59540048 0
952 59582717 0
953 59625402 0
954 59721391 0
955 59764035 0
956 59860045 0
957 59902709 0
958 59956034 0
959 60041389 0
960 60094713 0
961 60137361 0
962 60233366 0
963 60276037 0
964 60329358 0
965 60414715 0
966 60468037 0
967 60510689 0
968 60606688 0
969 60649357 0
970 60692018 0
971 60788046 0
972 60830695 0
973 60884011 0
974 60980021 0
975 61022682 0
976 61065340 0
977 61161367 0
978 61204021 0
979 61257337 0
980 61342678 0
981 61395998 0
982 61481340 0
983 61534696 220
984 61759450 0
985 61759712 0
986 61759943 0
987 61769332 0
988 61854662 0
989 61908015 0
990 61950671 0
991 62046665 0
992 62089327 0
993 62131984 0
994 62227987 0
995 62270683 0
996 62323994 0
997 62409326 0
998 62462653 0
999 62505309 0
1000 62601312 0
1001 62643997 0
1002 62697321 0
1003 62782653 0
1004 62835981 0
1005 62878638 0
1006 62974639 0
1007 63017321 0
1008 63059957 0
1009 63155965 0
1010 63209304 0
1011 63294645 0
1012 63347968 0
1013 63390642 0
1014 63486644 0
1015 63529302 0
1016 63571958 0
1017 63667962 0
1018 63710630 0
1019 63763969 0
1020 63849306 0
1021 63902645 0
1022 63945284 0
1023 64041297 0
1024 64083954 220
1025 64309384 0
1026 64309696 0
1027 64309954 0
1028 64318614 0
1029 64414614 0
1030 64457270 0
1031 64499955 0
1032 64595950 0
1033 64638609 0
1034 64691937 0
1035 64787935 0
1036 64830596 0
1037 64926618 0
1038 64969271 0
1039 65011921 0
1040 65107930 0
1041 65150597 0
1042 65203917 0
1043 65289282 0
1044 65342616 0
1045 65385246 0
1046 65481252 0
1047 65523926 0
1048 65577245 0
1049 65662606 0
1050 65715924 0
1051 65758576 0
1052 65854583 0
1053 65897247 0
1054 65939907 0
1055 66035931 0
1056 66078583 0
1057 66131898 0
1058 66227903 0
1059 66270577 0
1060 66313234 0
1061 66409265 0
1062 66451904 0
1063 66547897 0
1064 66590572 0
1065 66643895 220
1066 66869418 0
1067 66869648 0
1068 66869961 0
1069 66921233 0
1070 66963894 0
1071 67017218 0
1072 67102552 0
1073 67155901 0
1074 67198553 0
1075 67294553 0
1076 67337222 0
1077 67379877 0
1078 67475877 0
1079 67518559 0
1080 67571882 0
1081 67657210 0
1082 67710543 0
1083 67753198 0
1084 67849232 0
1085 67891886 0
1086 67945206 0
1087 68030542 0
1088 68083863 0
1089 68169204 0
1090 68222526 0
1091 68265210 0
1092 68361211 0
1093 68403863 0
1094 68446521 0
1095 68542521 0
1096 68595849 0
1097 68638529 0
1098 68734528 0
1099 68777186 0
1100 68819846 0
1101 68915850 0
1102 68958536 0
1103 69011855 0
1104 69097187 0
1105 69150513 0
1106 69193172 220
1107 69419397 0
1108 69419669 0
1109 69419891 0
1110 69470518 0
1111 69523839 0
1112 69566488 0
1113 69662498 0
1114 69705163 0
1115 69747847 0
1116 69843846 0
1117 69886492 0
1118 69982489 0
1119 70035824 0
1120 70078481 0
1121 70174506 0
1122 70217168 0
1123 70259817 0
1124 70355824 0
1125 70398475 0
1126 70451810 0
1127 70537164 0
1128 70590489 0
1129 70633141 0
1130 70729147 0
1131 70771806 0
1132 70825131 0
1133 70910492 0
1134 70963820 0
1135 71006469 0
1136 71102467 0
1137 71145130 0
1138 71187793 0
1139 71283810 0
1140 71326474 0
1141 71379799 0
1142 71465121 0
1143 71518450 0
1144 71614456 0
1145 71657141 0
1146 71699795 0
1147 71795781 220
1148 72019391 0
1149 72019666 0
1150 72019936 0
1151 72030474 0
1152 72073122 0
1153 72169106 0
1154 72211768 0
1155 72254438 0
1156 72350439 0
1157 72403802 0
1158 72446454 0
1159 72542437 0
1160 72585096 0
1161 72627759 0
1162 72723767 0
1163 72766452 0
1164 72819773 0
1165 72905096 0
1166 72958427 0
1167 73001086 0
1168 73097094 0
1169 73139771 0
1170 73235760 0
1171 73278415 0
1172 73331744 0
1173 73417094 0
1174 73470421 0
1175 73513103 0
1176 73609090 0
1177 73651741 0
1178 73694400 0
1179 73790409 0
1180 73843745 0
1181 73886426 0
1182 73982419 0
1183 74025065 0
1184 74067726 0
1185 74163734 0
1186 74206400 0
1187 74259753 0
1188 74345074 220
1189 74569394 0
1190 74569623 0
1191 74569885 0
1192 74579732 0
1193 74633075 0
1194 74718393 0
1195 74771717 0
1196 74814377 0
1197 74910384 0
1198 74953044 0
1199 75049061 0
1200 75091722 0
1201 75134372 0
1202 75230376 0
1203 75273041 0
1204 75326365 0
1205 75422399 0
1206 75465043 0
1207 75507702 0
1208 75603703 0
1209 75646362 0
1210 75699692 0
1211 75785049 0
1212 75838373 0
1213 75881022 0
1214 75977028 0
1215 76019696 0
1216 76062350 0
1217 76158381 0
1218 76211698 0
1219 76254349 0
1220 76350357 0
1221 76393015 0
1222 76435684 0
1223 76531701 0
1224 76574350 0
1225 76670349 0
1226 76713008 0
1227 76766338 0
1228 76851677 0
1229 76905031 220
1230 77129464 0
1231 77129727 0
1232 77129959 0
1233 77139667 0
1234 77224999 0
1235 77278352 0
1236 77321004 0
1237 77416998 0
1238 77459674 0
1239 77502324 0
1240 77598322 0
1241 77651674 0
1242 77694333 0
1243 77790322 0
1244 77832990 0
1245 77875647 0
1246 77971651 0
1247 78014335 0
1248 78067655 0
1249 78152991 0
1250 78206311 0
1251 78291648 0
1252 78344981 0
1253 78387653 0
1254 78483657 0
1255 78526313 0
1256 78579640 0
1257 78664972 0
1258 78718304 0
1259 78760980 0
1260 78856977 0
1261 78899638 0
1262 78942296 0
1263 79038325 0
1264 79080967 0
1265 79134305 0
1266 79230314 0
1267 79272964 0
1268 79315620 0
1269 79411625 0
1270 79454299 220
1271 79679396 0
1272 79679716 0
1273 79679981 0
1274 79688951 0
1275 79784946 0
1276 79827611 0
1277 79870292 0
1278 79966288 0
# stall_ms 220  spacing 41  first_frames 4096
