# mode 2: isolated stalls
# frames 5512  ahead 3  rate 44100  channels 2  events 796
# k  wait_return_us  stall_ms_taken_after
0 0 0
1 138667 0
2 277362 0
3 415976 0
4 501344 0
5 640034 0
6 789306 0
7 874666 0
8 1013355 0
9 1151967 0
10 1247994 0
11 1386684 0
12 1525293 0
13 1621320 0
14 1760008 0
15 1898624 0
16 2037302 0
17 2133329 0
18 2271955 0
19 2410629 0
20 2506650 0
21 2645282 0
22 2783968 0
23 2869309 0
24 3007937 0
25 3157393 0
26 3242641 0
27 3381259 0
28 3519945 0
29 3658622 0
30 3754583 0
31 3893264 0
32 4031945 0
33 4127912 0
34 4266595 0
35 4405270 0
36 4501237 0
37 4639920 0
38 4778610 0
39 4874565 0
40 5013240 160
41 5174202 0
42 5290533 0
43 5429226 0
44 5567927 0
45 5706534 0
46 5802561 0
47 5941252 0
48 6079855 0
49 6175890 0
50 6314576 0
51 6453181 0
52 6538539 0
53 6677235 0
54 6815841 0
55 6911865 0
56 7050558 0
57 7189189 0
58 7327861 0
59 7423899 0
60 7562501 0
61 7701184 0
62 7797204 0
63 7935829 0
64 8074507 0
65 8170533 0
66 8309156 0
67 8447837 0
68 8543863 0
69 8682487 0
70 8821162 0
71 8959838 0
72 9045136 0
73 9194485 0
74 9333171 0
75 9418460 0
76 9557143 0
77 9695833 0
78 9791790 0
79 9930472 0
80 10069144 0
81 10165116 160
82 10334242 0
83 10442447 0
84 10581102 0
85 10719786 0
86 10858470 0
87 10954427 0
88 11093107 0
89 11231794 0
90 11327754 0
91 11466436 0
92 11605125 0
93 11701085 0
94 11839769 0
95 11978442 0
96 12063740 0
97 12213083 0
98 12351766 0
99 12490388 0
100 12575740 0
101 12714422 0
102 12853053 0
103 12949070 0
104 13087750 0
105 13226370 0
106 13322400 0
107 13461071 0
108 13599702 0
109 13695730 0
110 13834401 0
111 13973032 0
112 14111705 0
113 14207717 0
114 14346361 0
115 14485032 0
116 14581051 0
117 14719683 0
118 14858364 0
119 14943704 0
120 15082340 0
121 15231685 0
122 15317028 160
123 15484181 0
124 15594326 0
125 15733007 0
126 15871666 0
127 16020998 0
128 16106350 0
129 16244992 0
130 16383650 0
131 16479687 0
132 16618308 0
133 16756980 0
134 16853015 0
135 16991634 0
136 17130303 0
137 17226326 0
138 17364966 0
139 17503629 0
140 17642315 0
141 17738294 0
142 17876957 0
143 18015648 0
144 18100943 0
145 18239610 0
146 18388972 0
147 18474270 0
148 18612946 0
149 18751634 0
150 18847594 0
151 18986276 0
152 19124956 0
153 19263571 0
154 19359594 0
155 19498290 0
156 19636896 0
157 19732926 0
158 19871640 0
159 20010225 0
160 20106242 0
161 20244934 0
162 20383545 0
163 20468910 160
164 20634164 0
165 20756858 0
166 20895565 0
167 21034247 0
168 21172871 0
169 21258232 0
170 21407572 0
171 21546198 0
172 21631550 0
173 21770240 0
174 21908863 0
175 22004882 0
176 22143557 0
177 22282177 0
178 22378207 0
179 22516892 0
180 22655499 0
181 22794189 0
182 22890202 0
183 23028829 0
184 23167515 0
185 23263524 0
186 23402182 0
187 23540839 0
188 23636857 0
189 23775485 0
190 23914161 0
191 23999519 0
192 24138136 0
193 24276825 0
194 24426173 0
195 24511459 0
196 24650150 0
197 24788833 0
198 24884785 0
199 25023468 0
200 25162156 0
201 25258111 0
202 25396804 0
203 25535484 0
204 25631432 160
205 25794183 0
206 25908787 0
207 26047427 0
208 26186113 0
209 26324798 0
210 26420759 0
211 26559440 0
212 26698119 0
213 26794093 0
214 26932767 0
215 27071444 0
216 27156748 0
217 27295427 0
218 27444772 0
219 27530069 0
220 27668794 0
221 27807434 0
222 27946053 0
223 28042066 0
224 28180746 0
225 28319382 0
226 28415398 0
227 28554075 0
228 28692706 0
229 28788713 0
230 28927400 0
231 29066037 0
232 29162040 0
233 29300722 0
234 29439361 0
235 29578019 0
236 29674049 0
237 29812685 0
238 29951348 0
239 30036704 0
240 30175347 0
241 30314005 0
242 30410029 0
243 30548673 0
244 30687327 0
245 30783358 160
246 30944181 0
247 31060640 0
248 31199324 0
249 31337994 0
250 31476643 0
251 31572680 0
252 31711312 0
253 31849974 0
254 31945991 0
255 32084636 0
256 32223295 0
257 32319318 0
258 32457963 0
259 32596623 0
260 32681978 0
261 32831291 0
262 32969956 0
263 33108636 0
264 33193952 0
265 33332612 0
266 33481988 0
267 33567280 0
268 33705938 0
269 33844616 0
270 33940598 0
271 34079276 0
272 34217943 0
273 34313934 0
274 34452593 0
275 34591277 0
276 34729911 0
277 34825917 0
278 34964603 0
279 35103229 0
280 35199247 0
281 35337927 0
282 35476562 0
283 35561908 0
284 35700584 0
285 35849886 0
286 35935230 160
287 36104167 0
288 36212526 0
289 36351211 0
290 36489905 0
291 36639202 0
292 36724544 0
293 36863223 0
294 37001858 0
295 37097870 0
296 37236555 0
297 37375185 0
298 37471195 0
299 37609881 0
300 37748512 0
301 37844523 0
302 37983202 0
303 38121840 0
304 38260497 0
305 38356525 0
306 38495169 0
307 38633822 0
308 38719183 0
309 38868490 0
310 39007151 0
311 39092507 0
312 39231150 0
313 39369808 0
314 39465832 0
315 39604475 0
316 39743148 0
317 39881820 0
318 39977804 0
319 40116462 0
320 40255147 0
321 40351122 0
322 40489792 0
323 40628476 0
324 40724449 0
325 40863123 0
326 41001803 0
327 41097771 160
328 41264167 0
329 41375099 0
330 41513758 0
331 41652436 0
332 41791109 0
333 41887094 0
334 42025760 0
335 42164443 0
336 42249748 0
337 42388415 0
338 42527100 0
339 42623071 0
340 42761749 0
341 42900422 0
342 42996400 0
343 43135077 0
344 43273749 0
345 43412387 0
346 43508398 0
347 43647088 0
348 43785713 0
349 43881722 0
350 44020407 0
351 44159040 0
352 44255043 0
353 44393730 0
354 44532362 0
355 44617707 0
356 44756384 0
357 44905696 0
358 45044353 0
359 45129707 0
360 45268351 0
361 45407014 0
362 45503033 0
363 45641680 0
364 45780336 0
365 45876357 0
366 46015007 0
367 46153658 0
368 46249692 160
369 46414196 0
370 46526976 0
371 46665659 0
372 46804318 0
373 46942977 0
374 47039004 0
375 47177642 0
376 47316302 0
377 47412319 0
378 47550973 0
379 47689624 0
380 47774992 0
381 47924298 0
382 48062953 0
383 48148315 0
384 48286949 0
385 48425614 0
386 48564305 0
387 48660274 0
388 48798945 0
389 48937619 0
390 49033607 0
391 49172265 0
392 49310948 0
393 49406929 0
394 49545600 0
395 49684277 0
396 49780251 0
397 49918924 0
398 50057616 0
399 50196236 0
400 50292250 0
401 50430925 0
402 50569576 0
403 50654914 0
404 50793585 0
405 50932223 0
406 51028242 0
407 51166916 0
408 51305551 0
409 51401554 160
410 51564169 0
411 51678857 0
412 51817546 0
413 51956239 0
414 52094869 0
415 52190878 0
416 52329553 0
417 52468190 0
418 52564205 0
419 52702881 0
420 52841517 0
421 52937521 0
422 53076214 0
423 53214844 0
424 53310845 0
425 53449530 0
426 53588170 0
427 53726835 0
428 53812195 0
429 53950826 0
430 54100159 0
431 54185510 0
432 54324153 0
433 54462813 0
434 54558833 0
435 54697480 0
436 54836134 0
437 54932164 0
438 55070812 0
439 55209475 0
440 55348151 0
441 55444127 0
442 55582792 0
443 55721478 0
444 55817463 0
445 55956124 0
446 56094807 0
447 56180115 0
448 56329456 0
449 56468127 0
450 56553441 160
451 56714169 0
452 56830771 0
453 56969425 0
454 57118766 0
455 57257444 0
456 57342752 0
457 57481418 0
458 57620103 0
459 57716085 0
460 57854746 0
461 57993424 0
462 58089405 0
463 58228082 0
464 58366752 0
465 58462731 0
466 58601400 0
467 58740085 0
468 58878722 0
469 58974723 0
470 59113415 0
471 59252042 0
472 59348054 0
473 59486732 0
474 59625364 0
475 59710715 0
476 59849395 0
477 59988025 0
478 60084034 0
479 60222721 0
480 60361355 0
481 60500008 0
482 60596039 0
483 60734686 0
484 60873338 0
485 60969368 0
486 61108005 0
487 61246666 0
488 61342692 0
489 61481330 0
490 61619992 0
491 61716018 160
492 61884183 0
493 61993300 0
494 62131981 0
495 62270651 0
496 62409304 0
497 62505333 0
498 62643982 0
499 62782632 0
500 62868000 0
501 63006628 0
502 63155961 0
503 63241313 0
504 63379957 0
505 63518617 0
506 63614636 0
507 63753281 0
508 63891958 0
509 64030626 0
510 64126612 0
511 64265278 0
512 64403955 0
513 64499930 0
514 64638598 0
515 64777285 0
516 64873257 0
517 65011930 0
518 65150610 0
519 65235917 0
520 65374593 0
521 65523942 0
522 65662570 0
523 65747915 0
524 65886607 0
525 66025232 0
526 66121236 0
527 66259924 0
528 66398554 0
529 66494565 0
530 66633246 0
531 66771876 0
532 66867893 160
533 67034200 0
534 67145184 0
535 67283896 0
536 67422569 0
537 67561193 0
538 67657205 0
539 67795891 0
540 67934524 0
541 68030529 0
542 68169213 0
543 68307853 0
544 68393188 0
545 68542539 0
546 68681169 0
547 68766518 0
548 68905196 0
549 69043836 0
550 69182493 0
551 69278523 0
552 69417160 0
553 69555824 0
554 69651839 0
555 69790489 0
556 69929146 0
557 70025172 0
558 70163808 0
559 70302470 0
560 70398500 0
561 70537135 0
562 70675807 0
563 70814495 0
564 70910458 0
565 71049131 0
566 71187807 0
567 71273125 0
568 71411785 0
569 71561132 0
570 71646441 0
571 71785121 0
572 71923798 0
573 72019772 160
574 72184173 0
575 72297109 0
576 72435753 0
577 72574427 0
578 72713114 0
579 72809084 0
580 72947757 0
581 73086431 0
582 73182410 0
583 73321082 0
584 73459765 0
585 73555740 0
586 73694407 0
587 73833087 0
588 73929071 0
589 74067738 0
590 74206420 0
591 74345049 0
592 74430390 0
593 74579735 0
594 74718374 0
595 74803720 0
596 74942405 0
597 75081042 0
598 75177041 0
599 75315731 0
600 75454361 0
601 75550365 0
602 75689050 0
603 75827688 0
604 75966346 0
605 76062374 0
606 76201016 0
607 76339674 0
608 76435696 0
609 76574339 0
610 76713000 0
611 76798354 0
612 76947667 0
613 77086325 0
614 77171682 160
615 77334191 0
616 77448964 0
617 77598319 0
618 77736977 0
619 77875638 0
620 77961006 0
621 78099639 0
622 78238299 0
623 78334331 0
624 78472964 0
625 78611623 0
626 78707651 0
627 78846288 0
628 78984947 0
629 79080974 0
630 79219621 0
631 79358283 0
632 79496965 0
633 79592936 0
634 79731608 0
635 79870293 0
636 79966263 0
637 80104934 0
638 80243613 0
639 80328929 0
640 80467591 0
641 80606273 0
642 80702253 0
643 80840921 0
644 80979602 0
645 81118239 0
646 81214246 0
647 81352938 0
648 81491555 0
649 81587570 0
650 81726251 0
651 81864885 0
652 81960903 0
653 82099573 0
654 82238210 0
655 82334258 160
656 82504164 0
657 82611521 0
658 82750206 0
659 82888896 0
660 83027533 0
661 83123536 0
662 83262219 0
663 83400852 0
664 83486198 0
665 83624879 0
666 83774179 0
667 83859523 0
668 83998222 0
669 84136839 0
670 84232848 0
671 84371535 0
672 84510167 0
673 84648822 0
674 84744852 0
675 84883488 0
676 85022149 0
677 85118181 0
678 85256819 0
679 85395478 0
680 85491498 0
681 85630141 0
682 85768808 0
683 85854160 0
684 86003469 0
685 86142134 0
686 86280816 0
687 86366129 0
688 86504793 0
689 86643472 0
690 86739447 0
691 86878118 0
692 87016803 0
693 87112777 0
694 87251449 0
695 87390132 0
696 87486100 160
697 87654169 0
698 87763434 0
699 87902085 0
700 88040763 0
701 88179440 0
702 88275419 0
703 88414089 0
704 88552763 0
705 88648740 0
706 88787413 0
707 88926095 0
708 89022068 0
709 89160743 0
710 89299420 0
711 89384723 0
712 89523406 0
713 89662074 0
714 89811380 0
715 89896723 0
716 90035403 0
717 90174043 0
718 90270051 0
719 90408728 0
720 90547363 0
721 90643373 0
722 90782062 0
723 90920688 0
724 91016702 0
725 91155380 0
726 91294021 0
727 91432682 0
728 91528699 0
729 91667345 0
730 91806003 0
731 91891366 0
732 92040673 0
733 92179328 0
734 92264692 0
735 92403326 0
736 92541986 0
737 92638005 160
738 92804181 0
739 92915303 0
740 93053977 0
741 93192648 0
742 93331302 0
743 93427326 0
744 93565971 0
745 93704632 0
746 93800649 0
747 93939297 0
748 94077979 0
749 94174014 0
750 94312616 0
751 94451279 0
752 94547315 0
753 94685943 0
754 94824612 0
755 94963292 0
756 95048604 0
757 95197942 0
758 95336614 0
759 95421930 0
760 95560597 0
761 95699274 0
762 95795251 0
763 95933935 0
764 96072602 0
765 96168574 0
766 96307251 0
767 96445934 0
768 96584568 0
769 96680580 0
770 96819253 0
771 96957891 0
772 97053894 0
773 97192576 0
774 97331219 0
775 97427227 0
776 97565909 0
777 97704545 0
778 97789885 160
779 97954166 0
780 98067181 0
781 98216540 0
782 98355225 0
783 98493943 0
784 98579201 0
785 98717879 0
786 98856515 0
787 98952526 0
788 99091204 0
789 99229844 0
790 99325852 0
791 99464536 0
792 99603172 0
793 99699177 0
794 99837859 0
795 99976493 0
# stall_ms 160  spacing 41
