# mode 2: isolated stalls
# frames 5512  ahead 4  rate 44100  channels 2  events 800
# k  wait_return_us  stall_ms_taken_after
0 0 0
1 138670 0
2 277329 0
3 415982 0
4 501343 0
5 639978 0
6 789312 0
7 874652 0
8 1013317 0
9 1151993 0
10 1247967 0
11 1386631 0
12 1525301 0
13 1621296 0
14 1759974 0
15 1898645 0
16 2037284 0
17 2133288 0
18 2271958 0
19 2410636 0
20 2506610 0
21 2645274 0
22 2783954 0
23 2869292 0
24 3007941 0
25 3157268 0
26 3242602 0
27 3381282 0
28 3519927 0
29 3658587 0
30 3754616 0
31 3893274 0
32 4031907 0
33 4127912 0
34 4266589 0
35 4405254 0
36 4501243 0
37 4639897 0
38 4778565 0
39 4874590 0
40 5013225 160
41 5174150 0
42 5290547 0
43 5386573 0
44 5525220 0
45 5663902 0
46 5749221 0
47 5887897 0
48 6026534 0
49 6122530 0
50 6261210 0
51 6399882 0
52 6495856 0
53 6634524 0
54 6773198 0
55 6911870 0
56 7007853 0
57 7146511 0
58 7285174 0
59 7381196 0
60 7519840 0
61 7658499 0
62 7754504 0
63 7893193 0
64 8031828 0
65 8117153 0
66 8255835 0
67 8405175 0
68 8543814 0
69 8629146 0
70 8767817 0
71 8906500 0
72 9002470 0
73 9141147 0
74 9279797 0
75 9375823 0
76 9514466 0
77 9653117 0
78 9749134 0
79 9887809 0
80 10026451 0
81 10165113 160
82 10334198 0
83 10399795 0
84 10538438 0
85 10623770 0
86 10773111 0
87 10911786 0
88 10997101 0
89 11135758 0
90 11274422 0
91 11370441 0
92 11509086 0
93 11647749 0
94 11743745 0
95 11882434 0
96 12021078 0
97 12159730 0
98 12255750 0
99 12394419 0
100 12533059 0
101 12629057 0
102 12767728 0
103 12906407 0
104 13002384 0
105 13141047 0
106 13279715 0
107 13365061 0
108 13503711 0
109 13642368 0
110 13791696 0
111 13877077 0
112 14015702 0
113 14154361 0
114 14250367 0
115 14389043 0
116 14527679 0
117 14623685 0
118 14762352 0
119 14901026 0
120 14997013 0
121 15135668 0
122 15274347 160
123 15444135 0
124 15508996 0
125 15647660 0
126 15786316 0
127 15871680 0
128 16020989 0
129 16159643 0
130 16246912 0
131 16383665 0
132 16522305 0
133 16618302 0
134 16756977 0
135 16895661 0
136 17034293 0
137 17130294 0
138 17268973 0
139 17407639 0
140 17503624 0
141 17642280 0
142 17780941 0
143 17876967 0
144 18015615 0
145 18154271 0
146 18239604 0
147 18388957 0
148 18527602 0
149 18666257 0
150 18751600 0
151 18890277 0
152 19039588 0
153 19124917 0
154 19263587 0
155 19402269 0
156 19498240 0
157 19636910 0
158 19775564 0
159 19871592 0
160 20010241 0
161 20148895 0
162 20287557 0
163 20383581 160
164 20544161 0
165 20660886 0
166 20756884 0
167 20895569 0
168 21034208 0
169 21119544 0
170 21258215 0
171 21407556 0
172 21492873 0
173 21631529 0
174 21770187 0
175 21866226 0
176 22004860 0
177 22143522 0
178 22282173 0
179 22378205 0
180 22516849 0
181 22655503 0
182 22751515 0
183 22890191 0
184 23028831 0
185 23124834 0
186 23263500 0
187 23402181 0
188 23487489 0
189 23636822 0
190 23775494 0
191 23914165 0
192 23999493 0
193 24138145 0
194 24276801 0
195 24372832 0
196 24511469 0
197 24650131 0
198 24746133 0
199 24884816 0
200 25023451 0
201 25119457 0
202 25258129 0
203 25396806 0
204 25535444 160
205 25704140 0
206 25770112 0
207 25908795 0
208 26004766 0
209 26143437 0
210 26282090 0
211 26367456 0
212 26506098 0
213 26655418 0
214 26740761 0
215 26879437 0
216 27018084 0
217 27156743 0
218 27252745 0
219 27391433 0
220 27530062 0
221 27626070 0
222 27764740 0
223 27903407 0
224 27999398 0
225 28138058 0
226 28276716 0
227 28372732 0
228 28511385 0
229 28650050 0
230 28788703 0
231 28874061 0
232 29023369 0
233 29162034 0
234 29247374 0
235 29386055 0
236 29524690 0
237 29620686 0
238 29759360 0
239 29898038 0
240 29994016 0
241 30132682 0
242 30271346 0
243 30410031 0
244 30506010 0
245 30644664 160
246 30814161 0
247 30879348 0
248 31017997 0
249 31156659 0
250 31252661 0
251 31391339 0
252 31529979 0
253 31615314 0
254 31754036 0
255 31892682 0
256 31988623 0
257 32127299 0
258 32265973 0
259 32404649 0
260 32500630 0
261 32639291 0
262 32777950 0
263 32873981 0
264 33012614 0
265 33151279 0
266 33247287 0
267 33385963 0
268 33524605 0
269 33620600 0
270 33759273 0
271 33897955 0
272 34037351 0
273 34121931 0
274 34271261 0
275 34409940 0
276 34495261 0
277 34633924 0
278 34772574 0
279 34868593 0
280 35007245 0
281 35145904 0
282 35241905 0
283 35380588 0
284 35519232 0
285 35657891 0
286 35753931 160
287 35924144 0
288 36031216 0
289 36127214 0
290 36265888 0
291 36404563 0
292 36489880 0
293 36639209 0
294 36777860 0
295 36863220 0
296 37001863 0
297 37140529 0
298 37289855 0
299 37375207 0
300 37513865 0
301 37652513 0
302 37748514 0
303 37887197 0
304 38025836 0
305 38121838 0
306 38260507 0
307 38399184 0
308 38495175 0
309 38633823 0
310 38772495 0
311 38911175 0
312 39007151 0
313 39145819 0
314 39284476 0
315 39369834 0
316 39508482 0
317 39657801 0
318 39743146 0
319 39881819 0
320 40020462 0
321 40116460 0
322 40255132 0
323 40393815 0
324 40532459 0
325 40628450 0
326 40767117 0
327 40905797 160
328 41074156 0
329 41140436 0
330 41279099 0
331 41375123 0
332 41513775 0
333 41652427 0
334 41737763 0
335 41887115 0
336 42025752 0
337 42164416 0
338 42249754 0
339 42388435 0
340 42527080 0
341 42623070 0
342 42761742 0
343 42900425 0
344 42996398 0
345 43135067 0
346 43273721 0
347 43369745 0
348 43508389 0
349 43647050 0
350 43743057 0
351 43881730 0
352 44020381 0
353 44159059 0
354 44255047 0
355 44393736 0
356 44532361 0
357 44617702 0
358 44756361 0
359 44905706 0
360 44991027 0
361 45129687 0
362 45268348 0
363 45364368 0
364 45503013 0
365 45641681 0
366 45780329 0
367 45876356 0
368 46014997 160
369 46184131 0
370 46249673 0
371 46388351 0
372 46526985 0
373 46622992 0
374 46761655 0
375 46900331 0
376 46985646 0
377 47124313 0
378 47273644 0
379 47412323 0
380 47497634 0
381 47636304 0
382 47774956 0
383 47870975 0
384 48009627 0
385 48148286 0
386 48244288 0
387 48382973 0
388 48521607 0
389 48617619 0
390 48756277 0
391 48894959 0
392 49033601 0
393 49129596 0
394 49268268 0
395 49406949 0
396 49502920 0
397 49641595 0
398 49780242 0
399 49865603 0
400 50004243 0
401 50142906 0
402 50238918 0
403 50377594 0
404 50516234 0
405 50654904 0
406 50750899 0
407 50889585 0
408 51028216 0
409 51124221 160
410 51294159 0
411 51401568 0
412 51497551 0
413 51636216 0
414 51774870 0
415 51870886 0
416 52009538 0
417 52148202 0
418 52286858 0
419 52372218 0
420 52521522 0
421 52660192 0
422 52745522 0
423 52884202 0
424 53022844 0
425 53118846 0
426 53257518 0
427 53396194 0
428 53492166 0
429 53630845 0
430 53769490 0
431 53865516 0
432 54004157 0
433 54142823 0
434 54281501 0
435 54377509 0
436 54516150 0
437 54654820 0
438 54740147 0
439 54889497 0
440 55028131 0
441 55113466 0
442 55252140 0
443 55390818 0
444 55486801 0
445 55625454 0
446 55764129 0
447 55902801 0
448 55998784 0
449 56137448 0
450 56276107 160
451 56444135 0
452 56510771 0
453 56649431 0
454 56745447 0
455 56884114 0
456 57022759 0
457 57118753 0
458 57257432 0
459 57396113 0
460 57534743 0
461 57620083 0
462 57758749 0
463 57908089 0
464 57993400 0
465 58132068 0
466 58270730 0
467 58366752 0
468 58505398 0
469 58644058 0
470 58740066 0
471 58878746 0
472 59017384 0
473 59156044 0
474 59252050 0
475 59390738 0
476 59529371 0
477 59625367 0
478 59764044 0
479 59902718 0
480 59988032 0
481 60137364 0
482 60276018 0
483 60361376 0
484 60500018 0
485 60638681 0
486 60777344 0
487 60873361 0
488 61012013 0
489 61150665 0
490 61246675 0
491 61385357 160
492 61554155 0
493 61619996 0
494 61758664 0
495 61897339 0
496 61993313 0
497 62131983 0
498 62270652 0
499 62409327 0
500 62505311 0
501 62643978 0
502 62782630 0
503 62867993 0
504 63006626 0
505 63155957 0
506 63241294 0
507 63379981 0
508 63518618 0
509 63614611 0
510 63753293 0
511 63891967 0
512 63987919 0
513 64126611 0
514 64265271 0
515 64403974 0
516 64499932 0
517 64638593 0
518 64777256 0
519 64873274 0
520 65011921 0
521 65150583 0
522 65235919 0
523 65374605 0
524 65523926 0
525 65609239 0
526 65747917 0
527 65886589 0
528 66025232 0
529 66121226 0
530 66259899 0
531 66398572 0
532 66494559 160
533 66664135 0
534 66771882 0
535 66867904 0
536 67006542 0
537 67145204 0
538 67241208 0
539 67379893 0
540 67518536 0
541 67657188 0
542 67753198 0
543 67891886 0
544 68030516 0
545 68115856 0
546 68254521 0
547 68393199 0
548 68489183 0
549 68627841 0
550 68766500 0
551 68862523 0
552 69001169 0
553 69139846 0
554 69278488 0
555 69374521 0
556 69513160 0
557 69651817 0
558 69747818 0
559 69886511 0
560 70025144 0
561 70121139 0
562 70259811 0
563 70398495 0
564 70483799 0
565 70622474 0
566 70771794 0
567 70910486 0
568 70995790 0
569 71134456 0
570 71273117 0
571 71369136 0
572 71507784 0
573 71646440 160
574 71814166 0
575 71881132 0
576 72019762 0
577 72115769 0
578 72254433 0
579 72393113 0
580 72531760 0
581 72627753 0
582 72766422 0
583 72905105 0
584 72990414 0
585 73139746 0
586 73278400 0
587 73363764 0
588 73502404 0
589 73641066 0
590 73737065 0
591 73875756 0
592 74014394 0
593 74153050 0
594 74249056 0
595 74387766 0
596 74526387 0
597 74622383 0
598 74761042 0
599 74899731 0
600 74995698 0
601 75134370 0
602 75273033 0
603 75369050 0
604 75507695 0
605 75646359 0
606 75731689 0
607 75870387 0
608 76009011 0
609 76158344 0
610 76243680 0
611 76382368 0
612 76521004 0
613 76617000 0
614 76755670 160
615 76924143 0
616 76990324 0
617 77128993 0
618 77267652 0
619 77363678 0
620 77502317 0
621 77640980 0
622 77779640 0
623 77875672 0
624 78014306 0
625 78152961 0
626 78238304 0
627 78387658 0
628 78526290 0
629 78611635 0
630 78750289 0
631 78888980 0
632 78984947 0
633 79123616 0
634 79262288 0
635 79400958 0
636 79496942 0
637 79635608 0
638 79774257 0
639 79870290 0
640 80008930 0
641 80147590 0
642 80243592 0
643 80382275 0
644 80520918 0
645 80606247 0
646 80755584 0
647 80894282 0
648 81032898 0
649 81118239 0
650 81256904 0
651 81406249 0
652 81491563 0
653 81630229 0
654 81768887 0
655 81864906 160
656 82034159 0
657 82142206 0
658 82238215 0
659 82376901 0
660 82515543 0
661 82654203 0
662 82750202 0
663 82888887 0
664 83027531 0
665 83123520 0
666 83262195 0
667 83400873 0
668 83486185 0
669 83624854 0
670 83774175 0
671 83859535 0
672 83998178 0
673 84136837 0
674 84275500 0
675 84371520 0
676 84510171 0
677 84648831 0
678 84744831 0
679 84883508 0
680 85022151 0
681 85118152 0
682 85256817 0
683 85395499 0
684 85491470 0
685 85630140 0
686 85768801 0
687 85854159 0
688 86003469 0
689 86142123 0
690 86280788 0
691 86366148 0
692 86504785 0
693 86643445 0
694 86739451 0
695 86878137 0
696 87016780 160
697 87184135 0
698 87251441 0
699 87390117 0
700 87486102 0
701 87624765 0
702 87763428 0
703 87902109 0
704 87998091 0
705 88136753 0
706 88275413 0
707 88371434 0
708 88510078 0
709 88648734 0
710 88734078 0
711 88872754 0
712 89022071 0
713 89107396 0
714 89246063 0
715 89384751 0
716 89523386 0
717 89619382 0
718 89758053 0
719 89896731 0
720 89992721 0
721 90131367 0
722 90270030 0
723 90366062 0
724 90504699 0
725 90643358 0
726 90739365 0
727 90878048 0
728 91016699 0
729 91155343 0
730 91240686 0
731 91390034 0
732 91528675 0
733 91614011 0
734 91752677 0
735 91891355 0
736 91987330 0
737 92125999 160
738 92294154 0
739 92360678 0
740 92499323 0
741 92637981 0
742 92776646 0
743 92872675 0
744 93011310 0
745 93149973 0
746 93245974 0
747 93384660 0
748 93523298 0
749 93619295 0
750 93757971 0
751 93896643 0
752 93981960 0
753 94120619 0
754 94259287 0
755 94408636 0
756 94493952 0
757 94632608 0
758 94771281 0
759 94867290 0
760 95005937 0
761 95144594 0
762 95240601 0
763 95379276 0
764 95517923 0
765 95613932 0
766 95752589 0
767 95891274 0
768 95987222 0
769 96125910 0
770 96264582 0
771 96403254 0
772 96488570 0
773 96637897 0
774 96776562 0
775 96861921 0
776 97000557 0
777 97139222 0
778 97235217 160
779 97404131 0
780 97512546 0
781 97608540 0
782 97747215 0
783 97885893 0
784 98024534 0
785 98120539 0
786 98259197 0
787 98397879 0
788 98493879 0
789 98632522 0
790 98771186 0
791 98856540 0
792 99005851 0
793 99144510 0
794 99229846 0
795 99368526 0
796 99507174 0
797 99656498 0
798 99741838 0
799 99880522 0
# stall_ms 160  spacing 41
