# mode 1: completion timeline, no stalls
# frames 5512  ahead 3  rate 44100  channels 2  events 480
# k  wait_return_us  stall_ms_taken_after
0 0 0
1 149333 0
2 288023 0
3 426647 0
4 512009 0
5 650689 0
6 799970 0
7 885325 0
8 1024017 0
9 1162632 0
10 1258664 0
11 1397352 0
12 1535955 0
13 1631980 0
14 1770673 0
15 1909285 0
16 2047969 0
17 2143995 0
18 2282615 0
19 2421299 0
20 2517314 0
21 2655942 0
22 2794624 0
23 2879970 0
24 3018625 0
25 3167946 0
26 3253301 0
27 3391921 0
28 3530610 0
29 3669287 0
30 3765248 0
31 3903928 0
32 4042609 0
33 4138577 0
34 4277256 0
35 4415941 0
36 4511903 0
37 4650577 0
38 4789261 0
39 4885228 0
40 5023907 0
41 5162596 0
42 5301202 0
43 5397230 0
44 5535927 0
45 5674529 0
46 5759895 0
47 5898574 0
48 6037191 0
49 6133216 0
50 6271908 0
51 6410512 0
52 6506542 0
53 6645228 0
54 6783855 0
55 6922527 0
56 7018556 0
57 7157175 0
58 7295856 0
59 7391875 0
60 7530504 0
61 7669179 0
62 7765203 0
63 7903825 0
64 8042508 0
65 8127859 0
66 8266489 0
67 8415833 0
68 8554512 0
69 8639804 0
70 8778490 0
71 8917172 0
72 9013132 0
73 9151814 0
74 9290493 0
75 9386460 0
76 9525145 0
77 9663819 0
78 9759789 0
79 9898465 0
80 10037155 0
81 10175771 0
82 10271793 0
83 10410477 0
84 10549089 0
85 10634451 0
86 10783811 0
87 10922413 0
88 11007780 0
89 11146462 0
90 11285076 0
91 11381098 0
92 11519794 0
93 11658400 0
94 11754425 0
95 11893115 0
96 12031739 0
97 12170412 0
98 12266449 0
99 12405062 0
100 12543742 0
101 12639762 0
102 12778387 0
103 12917065 0
104 13013083 0
105 13151730 0
106 13290396 0
107 13375745 0
108 13514379 0
109 13653045 0
110 13802397 0
111 13887692 0
112 14026374 0
113 14165062 0
114 14261020 0
115 14399700 0
116 14538385 0
117 14634344 0
118 14773032 0
119 14911705 0
120 15007673 0
121 15146351 0
122 15285044 0
123 15423654 0
124 15519685 0
125 15658365 0
126 15796974 0
127 15882337 0
128 16031691 0
129 16170305 0
130 16255670 0
131 16394349 0
132 16532967 0
133 16628982 0
134 16767676 0
135 16906300 0
136 17044973 0
137 17141005 0
138 17279630 0
139 17418300 0
140 17514324 0
141 17652946 0
142 17791626 0
143 17887645 0
144 18026272 0
145 18164955 0
146 18250308 0
147 18399598 0
148 18538282 0
149 18676959 0
150 18762261 0
151 18900936 0
152 19050283 0
153 19135579 0
154 19274266 0
155 19412946 0
156 19508904 0
157 19647591 0
158 19786263 0
159 19882234 0
160 20020916 0
161 20159601 0
162 20298216 0
163 20394238 0
164 20532922 0
165 20671543 0
166 20767562 0
167 20906251 0
168 21044859 0
169 21130225 0
170 21268914 0
171 21418186 0
172 21503549 0
173 21642242 0
174 21780850 0
175 21876869 0
176 22015558 0
177 22154185 0
178 22292860 0
179 22388891 0
180 22527510 0
181 22666190 0
182 22762216 0
183 22900830 0
184 23039511 0
185 23135536 0
186 23274166 0
187 23412840 0
188 23498186 0
189 23647486 0
190 23786165 0
191 23924842 0
192 24010142 0
193 24148820 0
194 24287503 0
195 24383487 0
196 24522144 0
197 24660835 0
198 24756788 0
199 24895476 0
200 25034148 0
201 25130115 0
202 25268805 0
203 25407487 0
204 25546096 0
205 25642128 0
206 25780813 0
207 25919426 0
208 26015445 0
209 26154139 0
210 26292746 0
211 26378107 0
212 26516796 0
213 26666077 0
214 26751435 0
215 26890118 0
216 27028743 0
217 27167425 0
218 27263696 0
219 27402070 0
220 27540743 0
221 27636783 0
222 27775399 0
223 27914071 0
224 28010096 0
225 28148718 0
226 28287402 0
227 28383432 0
228 28522043 0
229 28660735 0
230 28799403 0
231 28884702 0
232 29034051 0
233 29172729 0
234 29258037 0
235 29396709 0
236 29535388 0
237 29631348 0
238 29770037 0
239 29908717 0
240 30004676 0
241 30143360 0
242 30282048 0
243 30420659 0
244 30516688 0
245 30655370 0
246 30793985 0
247 30890010 0
248 31028697 0
249 31167313 0
250 31263346 0
251 31402027 0
252 31540632 0
253 31625991 0
254 31764691 0
255 31903300 0
256 31999297 0
257 32137981 0
258 32276633 0
259 32415315 0
260 32511326 0
261 32649954 0
262 32788637 0
263 32884663 0
264 33023274 0
265 33161954 0
266 33257989 0
267 33396612 0
268 33535282 0
269 33631305 0
270 33769936 0
271 33908618 0
272 34047285 0
273 34132588 0
274 34281936 0
275 34420624 0
276 34505917 0
277 34644590 0
278 34783280 0
279 34879240 0
280 35017922 0
281 35156607 0
282 35252560 0
283 35391247 0
284 35529932 0
285 35668546 0
286 35764582 0
287 35903257 0
288 36041868 0
289 36137895 0
290 36276589 0
291 36415196 0
292 36500553 0
293 36649913 0
294 36788522 0
295 36873882 0
296 37012562 0
297 37151189 0
298 37300538 0
299 37385892 0
300 37524517 0
301 37663197 0
302 37759223 0
303 37897841 0
304 38036513 0
305 38132543 0
306 38271163 0
307 38409845 0
308 38505870 0
309 38644487 0
310 38783180 0
311 38921857 0
312 39017811 0
313 39156498 0
314 39295173 0
315 39380475 0
316 39519154 0
317 39668502 0
318 39753811 0
319 39892480 0
320 40031159 0
321 40127118 0
322 40265809 0
323 40404501 0
324 40543105 0
325 40639131 0
326 40777825 0
327 40916428 0
328 41012458 0
329 41151142 0
330 41289755 0
331 41385782 0
332 41524469 0
333 41663082 0
334 41748440 0
335 41897803 0
336 42036413 0
337 42175095 0
338 42260451 0
339 42399078 0
340 42537754 0
341 42633776 0
342 42772403 0
343 42911086 0
344 43007101 0
345 43145730 0
346 43284404 0
347 43380431 0
348 43519058 0
349 43657733 0
350 43753760 0
351 43892377 0
352 44031056 0
353 44169742 0
354 44265700 0
355 44404388 0
356 44543065 0
357 44628395 0
358 44767037 0
359 44916387 0
360 45001689 0
361 45140368 0
362 45279044 0
363 45375007 0
364 45513698 0
365 45652390 0
366 45790986 0
367 45887022 0
368 46025704 0
369 46164320 0
370 46260343 0
371 46399031 0
372 46537645 0
373 46633669 0
374 46772358 0
375 46910971 0
376 46996327 0
377 47135024 0
378 47284297 0
379 47422984 0
380 47508344 0
381 47646965 0
382 47785643 0
383 47881667 0
384 48020291 0
385 48158967 0
386 48254985 0
387 48393617 0
388 48532292 0
389 48628321 0
390 48766935 0
391 48905623 0
392 49044297 0
393 49140259 0
394 49278940 0
395 49417626 0
396 49513584 0
397 49652272 0
398 49790942 0
399 49876256 0
400 50014922 0
401 50153610 0
402 50249574 0
403 50388251 0
404 50526941 0
405 50665556 0
406 50761574 0
407 50900278 0
408 51038872 0
409 51134901 0
410 51273591 0
411 51412201 0
412 51508235 0
413 51646916 0
414 51785531 0
415 51881560 0
416 52020243 0
417 52158866 0
418 52297536 0
419 52382904 0
420 52532189 0
421 52670869 0
422 52756221 0
423 52894850 0
424 53033532 0
425 53129549 0
426 53268171 0
427 53406853 0
428 53502900 0
429 53641503 0
430 53780171 0
431 53876200 0
432 54014826 0
433 54153514 0
434 54292180 0
435 54388144 0
436 54526832 0
437 54665514 0
438 54750803 0
439 54900154 0
440 55038832 0
441 55124130 0
442 55262810 0
443 55401491 0
444 55497464 0
445 55636141 0
446 55774825 0
447 55913574 0
448 56009465 0
449 56148154 0
450 56286760 0
451 56382788 0
452 56521474 0
453 56660091 0
454 56756116 0
455 56894799 0
456 57033423 0
457 57129434 0
458 57268127 0
459 57406749 0
460 57545427 0
461 57630788 0
462 57769405 0
463 57918753 0
464 58004112 0
465 58142733 0
466 58281408 0
467 58377436 0
468 58516060 0
469 58654745 0
470 58750757 0
471 58889386 0
472 59028066 0
473 59166746 0
474 59262703 0
475 59401387 0
476 59540068 0
477 59636029 0
478 59774715 0
479 59913408 0
