# mode 2: isolated stalls
# frames 2756  ahead 6  rate 44100  channels 2  events 960
# k  wait_return_us  stall_ms_taken_after
0 0 0
1 85224 0
2 138548 0
3 234606 0
4 277228 0
5 319949 0
6 415906 0
7 458596 0
8 511916 0
9 597258 0
10 650610 0
11 693283 0
12 789232 0
13 831912 0
14 885251 0
15 970580 0
16 1023922 0
17 1066609 0
18 1162605 0
19 1205238 0
20 1247895 0
21 1343920 0
22 1386575 0
23 1439931 0
24 1525260 0
25 1578558 0
26 1621225 0
27 1717243 0
28 1759887 0
29 1855914 0
30 1898571 0
31 1951895 0
32 2037224 0
33 2090559 0
34 2133224 0
35 2229247 0
36 2271898 0
37 2314542 0
38 2410558 0
39 2463881 0
40 2506539 200
41 2709370 0
42 2709710 0
43 2710091 0
44 2783888 0
45 2826546 0
46 2879866 0
47 2965246 0
48 3018523 0
49 3061208 0
50 3157205 0
51 3199884 0
52 3253188 0
53 3338553 0
54 3391888 0
55 3477190 0
56 3530532 0
57 3573191 0
58 3669219 0
59 3711887 0
60 3754532 0
61 3850525 0
62 3903857 0
63 3946518 0
64 4042530 0
65 4085213 0
66 4127856 0
67 4223865 0
68 4266513 0
69 4319845 0
70 4405177 0
71 4458549 0
72 4501181 0
73 4597168 0
74 4639879 0
75 4693168 0
76 4778501 0
77 4831866 0
78 4874519 0
79 4970495 0
80 5013150 0
81 5109174 200
82 5319405 0
83 5319704 0
84 5320031 0
85 5333160 0
86 5386477 0
87 5482493 0
88 5525144 0
89 5567828 0
90 5663792 0
91 5706492 0
92 5759798 0
93 5845141 0
94 5898471 0
95 5941170 0
96 6037161 0
97 6079806 0
98 6122472 0
99 6218467 0
100 6271797 0
101 6314478 0
102 6410489 0
103 6453136 0
104 6495791 0
105 6591820 0
106 6634479 0
107 6687812 0
108 6773159 0
109 6826451 0
110 6911773 0
111 6965131 0
112 7007772 0
113 7103814 0
114 7146469 0
115 7199792 0
116 7285099 0
117 7338440 0
118 7381115 0
119 7477138 0
120 7519802 0
121 7562433 0
122 7658429 200
123 7859375 0
124 7859708 0
125 7859990 0
126 7893125 0
127 7935763 0
128 8031770 0
129 8074423 0
130 8127754 0
131 8213137 0
132 8266447 0
133 8309098 0
134 8405085 0
135 8447754 0
136 8543751 0
137 8586446 0
138 8639772 0
139 8725075 0
140 8778407 0
141 8821067 0
142 8917085 0
143 8959767 0
144 9002417 0
145 9098411 0
146 9141067 0
147 9194394 0
148 9290406 0
149 9333095 0
150 9375744 0
151 9471749 0
152 9514390 0
153 9567719 0
154 9653060 0
155 9706430 0
156 9749078 0
157 9845053 0
158 9887713 0
159 9930393 0
160 10026385 0
161 10079737 0
162 10165079 0
163 10218382 200
164 10419363 0
165 10419681 0
166 10420010 0
167 10442393 0
168 10538411 0
169 10581035 0
170 10634359 0
171 10719705 0
172 10773042 0
173 10815715 0
174 10911719 0
175 10954375 0
176 11007685 0
177 11093034 0
178 11146359 0
179 11189093 0
180 11285041 0
181 11327680 0
182 11370359 0
183 11466368 0
184 11519684 0
185 11562371 0
186 11658376 0
187 11701011 0
188 11743670 0
189 11839696 0
190 11882334 0
191 11978367 0
192 12021046 0
193 12074328 0
194 12159680 0
195 12213020 0
196 12255667 0
197 12351698 0
198 12394357 0
199 12447662 0
200 12532993 0
201 12586334 0
202 12629006 0
203 12725023 0
204 12767682 200
205 12969425 0
206 12969715 0
207 12970036 0
208 13002321 0
209 13098348 0
210 13141002 0
211 13183642 0
212 13279661 0
213 13322318 0
214 13375643 0
215 13461023 0
216 13514321 0
217 13599639 0
218 13652977 0
219 13695643 0
220 13791630 0
221 13834331 0
222 13887662 0
223 13972960 0
224 14026303 0
225 14068956 0
226 14164967 0
227 14207662 0
228 14250306 0
229 14346297 0
230 14388957 0
231 14442282 0
232 14527637 0
233 14580979 0
234 14623629 0
235 14719926 0
236 14762288 0
237 14815606 0
238 14900941 0
239 14954323 0
240 14996950 0
241 15092942 0
242 15135596 0
243 15231616 0
244 15274278 0
245 15327626 200
246 15580188 0
247 15580563 0
248 15580850 0
249 15604938 0
250 15647597 0
251 15690280 0
252 15786241 0
253 15828933 0
254 15882246 0
255 15967589 0
256 16020937 0
257 16063604 0
258 16159610 0
259 16202249 0
260 16255586 0
261 16340913 0
262 16394250 0
263 16436942 0
264 16532928 0
265 16575572 0
266 16618231 0
267 16714253 0
268 16756911 0
269 16810251 0
270 16906258 0
271 16948889 0
272 17044903 0
273 17087586 0
274 17130229 0
275 17226258 0
276 17268923 0
277 17322216 0
278 17407559 0
279 17460895 0
280 17503567 0
281 17599574 0
282 17642237 0
283 17695554 0
284 17780888 0
285 17834223 0
286 17876880 200
287 18079363 0
288 18079720 0
289 18080096 0
290 18154230 0
291 18196880 0
292 18250202 0
293 18335571 0
294 18388857 0
295 18431529 0
296 18527555 0
297 18570202 0
298 18666200 0
299 18708886 0
300 18762216 0
301 18847517 0
302 18900862 0
303 18943540 0
304 19039521 0
305 19082211 0
306 19135537 0
307 19220857 0
308 19274191 0
309 19316849 0
310 19412851 0
311 19455534 0
312 19498190 0
313 19594187 0
314 19636851 0
315 19690182 0
316 19775504 0
317 19828874 0
318 19871513 0
319 19967490 0
320 20010187 0
321 20063501 0
322 20148831 0
323 20202200 0
324 20287522 0
325 20340823 0
326 20383484 0
327 20479500 200
328 20689406 0
329 20689695 0
330 20690031 0
331 20714159 0
332 20756820 0
333 20852826 0
334 20895487 0
335 20938176 0
336 21034126 0
337 21076830 0
338 21130145 0
339 21215483 0
340 21268823 0
341 21311502 0
342 21407498 0
343 21450140 0
344 21503484 0
345 21588806 0
346 21642136 0
347 21684841 0
348 21780823 0
349 21823467 0
350 21866128 0
351 21962139 0
352 22004783 0
353 22100831 0
354 22143494 0
355 22196785 0
356 22292797 0
357 22335462 0
358 22378108 0
359 22474134 0
360 22516820 0
361 22570105 0
362 22655444 0
363 22708780 0
364 22751445 0
365 22847466 0
366 22890131 0
367 22943441 0
368 23028766 200
369 23229379 0
370 23229710 0
371 23229995 0
372 23263463 0
373 23306094 0
374 23402104 0
375 23444757 0
376 23498086 0
377 23583467 0
378 23636766 0
379 23732758 0
380 23775431 0
381 23818076 0
382 23914093 0
383 23956781 0
384 24010108 0
385 24095415 0
386 24148739 0
387 24191418 0
388 24287427 0
389 24330107 0
390 24372749 0
391 24468744 0
392 24522070 0
393 24564729 0
394 24660751 0
395 24703431 0
396 24746084 0
397 24842082 0
398 24884727 0
399 24938056 0
400 25023396 0
401 25076770 0
402 25119407 0
403 25215386 0
404 25258058 0
405 25354063 0
406 25396725 0
407 25450093 0
408 25535404 0
409 25588719 200
410 25789366 0
411 25789693 0
412 25790025 0
413 25812738 0
414 25908749 0
415 25962033 0
416 26004697 0
417 26100714 0
418 26143374 0
419 26186058 0
420 26282055 0
421 26324713 0
422 26378017 0
423 26463363 0
424 26516712 0
425 26559384 0
426 26655378 0
427 26698017 0
428 26751358 0
429 26836704 0
430 26890023 0
431 26932724 0
432 27028703 0
433 27071339 0
434 27167351 0
435 27210021 0
436 27252669 0
437 27348713 0
438 27391366 0
439 27444662 0
440 27540668 0
441 27583350 0
442 27626002 0
443 27722027 0
444 27764711 0
445 27817990 0
446 27903328 0
447 27956668 0
448 27999341 0
449 28095352 0
450 28138014 200
451 28339421 0
452 28339711 0
453 28340027 0
454 28372654 0
455 28468682 0
456 28511336 0
457 28553971 0
458 28649990 0
459 28692639 0
460 28788641 0
461 28831357 0
462 28884650 0
463 28969972 0
464 29023311 0
465 29065961 0
466 29161966 0
467 29204665 0
468 29257987 0
469 29343308 0
470 29396626 0
471 29439900 0
472 29535291 0
473 29577990 0
474 29620636 0
475 29716632 0
476 29769955 0
477 29812612 0
478 29908636 0
479 29951315 0
480 29993964 0
481 30089955 0
482 30132609 0
483 30185942 0
484 30271277 0
485 30324653 0
486 30409971 0
487 30463264 0
488 30505942 0
489 30601942 0
490 30644607 0
491 30697962 200
492 30899403 0
493 30899775 0
494 30900064 0
495 30975279 0
496 31017933 0
497 31060616 0
498 31156584 0
499 31199265 0
500 31252590 0
501 31348609 0
502 31391262 0
503 31433940 0
504 31529940 0
505 31572600 0
506 31625915 0
507 31711256 0
508 31764602 0
509 31807264 0
510 31903265 0
511 31945901 0
512 31988567 0
513 32084578 0
514 32137905 0
515 32223267 0
516 32276582 0
517 32319228 0
518 32415250 0
519 32457902 0
520 32500565 0
521 32596598 0
522 32639247 0
523 32692547 0
524 32777894 0
525 32831240 0
526 32873886 0
527 32969913 0
528 33012584 0
529 33065876 0
530 33151218 0
531 33204553 0
532 33247227 200
533 33449382 0
534 33449730 0
535 33450110 0
536 33524539 0
537 33577883 0
538 33620532 0
539 33716574 0
540 33759188 0
541 33855219 0
542 33897873 0
543 33940536 0
544 34036528 0
545 34079241 0
546 34132537 0
547 34217863 0
548 34271213 0
549 34313862 0
550 34409865 0
551 34452542 0
552 34505877 0
553 34591194 0
554 34644525 0
555 34687181 0
556 34783187 0
557 34825870 0
558 34868523 0
559 34964525 0
560 35007182 0
561 35060510 0
562 35156515 0
563 35199193 0
564 35241852 0
565 35337852 0
566 35380505 0
567 35476498 0
568 35519169 0
569 35572526 0
570 35657847 0
571 35711163 0
572 35753840 0
573 35849827 200
574 36059419 0
575 36059706 0
576 36060033 0
577 36084494 0
578 36127149 0
579 36223160 0
580 36265809 0
581 36308501 0
582 36404472 0
583 36447149 0
584 36500476 0
585 36585817 0
586 36639147 0
587 36681822 0
588 36777820 0
589 36820487 0
590 36873825 0
591 36959169 0
592 37012470 0
593 37097817 0
594 37151147 0
595 37193784 0
596 37289798 0
597 37332456 0
598 37385781 0
599 37471156 0
600 37524469 0
601 37567111 0
602 37663133 0
603 37705781 0
604 37748443 0
605 37844489 0
606 37887134 0
607 37940431 0
608 38025773 0
609 38079140 0
610 38121771 0
611 38217802 0
612 38260467 0
613 38313763 0
614 38399366 200
615 38609382 0
616 38609717 0
617 38609995 0
618 38633791 0
619 38676441 0
620 38772426 0
621 38815085 0
622 38911104 0
623 38964462 0
624 39007099 0
625 39103103 0
626 39145752 0
627 39188409 0
628 39284422 0
629 39327127 0
630 39380427 0
631 39465747 0
632 39519100 0
633 39561733 0
634 39657752 0
635 39700440 0
636 39753764 0
637 39839116 0
638 39892402 0
639 39935077 0
640 40031073 0
641 40073771 0
642 40116407 0
643 40212400 0
644 40255058 0
645 40308385 0
646 40393742 0
647 40447091 0
648 40543079 0
649 40585737 0
650 40628374 0
651 40724384 0
652 40767054 0
653 40820422 0
654 40905745 0
655 40959058 200
656 41169365 0
657 41169689 0
658 41170016 0
659 41193753 0
660 41279099 0
661 41332367 0
662 41375026 0
663 41471053 0
664 41513707 0
665 41556404 0
666 41652403 0
667 41695024 0
668 41748354 0
669 41833707 0
670 41887031 0
671 41929717 0
672 42025704 0
673 42068359 0
674 42164351 0
675 42207022 0
676 42260353 0
677 42345700 0
678 42399059 0
679 42441665 0
680 42537687 0
681 42580345 0
682 42623002 0
683 42719053 0
684 42772365 0
685 42814998 0
686 42911012 0
687 42953666 0
688 42996332 0
689 43092378 0
690 43135025 0
691 43188319 0
692 43273660 0
693 43327005 0
694 43369651 0
695 43465695 0
696 43508366 200
697 43710075 0
698 43710360 0
699 43710674 0
700 43742980 0
701 43839010 0
702 43881662 0
703 43977657 0
704 44020311 0
705 44062972 0
706 44158991 0
707 44201672 0
708 44254988 0
709 44350979 0
710 44393633 0
711 44436300 0
712 44532313 0
713 44575011 0
714 44628311 0
715 44713630 0
716 44766973 0
717 44809622 0
718 44905637 0
719 44948323 0
720 45001646 0
721 45086953 0
722 45140286 0
723 45182964 0
724 45278957 0
725 45321650 0
726 45364292 0
727 45460293 0
728 45502940 0
729 45598973 0
730 45641619 0
731 45694968 0
732 45790962 0
733 45833614 0
734 45876264 0
735 45972273 0
736 46014939 0
737 46068314 200
738 46269386 0
739 46269760 0
740 46270052 0
741 46345603 0
742 46388268 0
743 46430944 0
744 46526923 0
745 46580264 0
746 46622922 0
747 46718945 0
748 46761590 0
749 46804272 0
750 46900280 0
751 46942922 0
752 46996275 0
753 47081600 0
754 47134912 0
755 47220267 0
756 47273593 0
757 47316242 0
758 47412241 0
759 47454913 0
760 47508252 0
761 47593592 0
762 47646922 0
763 47689558 0
764 47785568 0
765 47828238 0
766 47870895 0
767 47966926 0
768 48020239 0
769 48062884 0
770 48158905 0
771 48201566 0
772 48244225 0
773 48340254 0
774 48382900 0
775 48436207 0
776 48521558 0
777 48574898 0
778 48617547 200
779 48819360 0
780 48819695 0
781 48820089 0
782 48894876 0
783 48948208 0
784 49033546 0
785 49086891 0
786 49129511 0
787 49225551 0
788 49268208 0
789 49310867 0
790 49406868 0
791 49449551 0
792 49502877 0
793 49598879 0
794 49641531 0
795 49684189 0
796 49780186 0
797 49822889 0
798 49876199 0
799 49961525 0
800 50014876 0
801 50057515 0
802 50153515 0
803 50196200 0
804 50238867 0
805 50334846 0
806 50388185 0
807 50430856 0
808 50526838 0
809 50569529 0
810 50665530 0
811 50708169 0
812 50750838 0
813 50846834 0
814 50889507 0
815 50942849 0
816 51028180 0
817 51081510 0
818 51124159 0
819 51220159 200
820 51429405 0
821 51429690 0
822 51430024 0
823 51454822 0
824 51497497 0
825 51593485 0
826 51636141 0
827 51678832 0
828 51774801 0
829 51828152 0
830 51870808 0
831 51966821 0
832 52009468 0
833 52052154 0
834 52148162 0
835 52190797 0
836 52286802 0
837 52329483 0
838 52382787 0
839 52468154 0
840 52521479 0
841 52564131 0
842 52660125 0
843 52702786 0
844 52756127 0
845 52841478 0
846 52894804 0
847 52937442 0
848 53033459 0
849 53076119 0
850 53118774 0
851 53214814 0
852 53257457 0
853 53310770 0
854 53406792 0
855 53449439 0
856 53492101 0
857 53588145 0
858 53630789 0
859 53684092 0
860 53769434 200
861 53979389 0
862 53979727 0
863 53980010 0
864 54004126 0
865 54100093 0
866 54142754 0
867 54196083 0
868 54281434 0
869 54334789 0
870 54377434 0
871 54473424 0
872 54516082 0
873 54558744 0
874 54654766 0
875 54697445 0
876 54750761 0
877 54836077 0
878 54889416 0
879 54932069 0
880 55028080 0
881 55070787 0
882 55124083 0
883 55209405 0
884 55262749 0
885 55305392 0
886 55401404 0
887 55444098 0
888 55486754 0
889 55582737 0
890 55636052 0
891 55721400 0
892 55774729 0
893 55817418 0
894 55913426 0
895 55956058 0
896 55998710 0
897 56094722 0
898 56137399 0
899 56190740 0
900 56276072 0
901 56329398 200
902 56539369 0
903 56539690 0
904 56540017 0
905 56564069 0
906 56649395 0
907 56702696 0
908 56745373 0
909 56841370 0
910 56884041 0
911 56926727 0
912 57022727 0
913 57065389 0
914 57118686 0
915 57214706 0
916 57257351 0
917 57353376 0
918 57396063 0
919 57438676 0
920 57534688 0
921 57577362 0
922 57630680 0
923 57716047 0
924 57769374 0
925 57812015 0
926 57908013 0
927 57950674 0
928 58004012 0
929 58089369 0
930 58142698 0
931 58185327 0
932 58281343 0
933 58324000 0
934 58366656 0
935 58462697 0
936 58505353 0
937 58558658 0
938 58644003 0
939 58697325 0
940 58739985 0
941 58836041 0
942 58878681 200
943 59079438 0
944 59079721 0
945 59080036 0
946 59155989 0
947 59209351 0
948 59252009 0
949 59347977 0
950 59390642 0
951 59443972 0
952 59529325 0
953 59582680 0
954 59625322 0
955 59721312 0
956 59763966 0
957 59806632 0
958 59902651 0
959 59945332 0
# stall_ms 200  spacing 41  first_frames 2048
