# mode 2: isolated stalls
# frames 2756  ahead 6  rate 44100  channels 2  events 960
# k  wait_return_us  stall_ms_taken_after
0 0 0
1 95914 0
2 138573 0
3 234628 0
4 277253 0
5 319973 0
6 415933 0
7 458619 0
8 511941 0
9 597281 0
10 650631 0
11 693310 0
12 789266 0
13 831938 0
14 885277 0
15 970610 0
16 1023946 0
17 1066644 0
18 1162616 0
19 1205264 0
20 1247924 0
21 1343946 0
22 1386605 0
23 1439954 0
24 1525286 0
25 1578587 0
26 1621248 0
27 1717266 0
28 1759912 0
29 1855942 0
30 1898617 0
31 1951909 0
32 2037252 0
33 2090577 0
34 2133247 0
35 2229270 0
36 2271923 0
37 2314584 0
38 2410570 0
39 2463905 0
40 2506563 240
41 2751250 0
42 2751585 0
43 2751981 0
44 2783908 0
45 2826572 0
46 2879890 0
47 2965274 0
48 3018552 0
49 3061230 0
50 3157238 0
51 3199899 0
52 3253216 0
53 3338577 0
54 3391910 0
55 3477218 0
56 3530555 0
57 3573231 0
58 3669221 0
59 3711909 0
60 3754554 0
61 3850552 0
62 3903882 0
63 3946541 0
64 4042556 0
65 4085237 0
66 4127884 0
67 4223883 0
68 4266538 0
69 4319866 0
70 4405201 0
71 4458574 0
72 4501206 0
73 4597195 0
74 4639874 0
75 4693192 0
76 4778532 0
77 4831905 0
78 4874535 0
79 4970520 0
80 5013176 0
81 5109180 240
82 5351279 0
83 5351581 0
84 5351913 0
85 5352290 0
86 5386491 0
87 5482519 0
88 5525165 0
89 5621194 0
90 5663822 0
91 5706514 0
92 5802499 0
93 5845162 0
94 5898503 0
95 5983851 0
96 6037190 0
97 6079825 0
98 6175820 0
99 6218485 0
100 6271819 0
101 6357183 0
102 6410510 0
103 6453151 0
104 6549156 0
105 6591813 0
106 6634476 0
107 6730513 0
108 6773172 0
109 6826485 0
110 6911796 0
111 6965149 0
112 7007797 0
113 7103831 0
114 7146497 0
115 7242466 0
116 7286392 0
117 7338463 0
118 7423810 0
119 7477151 0
120 7519802 0
121 7615799 0
122 7658458 240
123 7901252 0
124 7901578 0
125 7901857 0
126 7902184 0
127 7989140 0
128 8031781 0
129 8074441 0
130 8170447 0
131 8213150 0
132 8266420 0
133 8351780 0
134 8405119 0
135 8447769 0
136 8543794 0
137 8586458 0
138 8639790 0
139 8725103 0
140 8778431 0
141 8863776 0
142 8917095 0
143 8959784 0
144 9055802 0
145 9098434 0
146 9141089 0
147 9237094 0
148 9290434 0
149 9333105 0
150 9429110 0
151 9471771 0
152 9514408 0
153 9610420 0
154 9653076 0
155 9706444 0
156 9791780 0
157 9845091 0
158 9887750 0
159 9983745 0
160 10026404 0
161 10079754 0
162 10165105 0
163 10218412 240
164 10461246 0
165 10461567 0
166 10461898 0
167 10495763 0
168 10538440 0
169 10581060 0
170 10677060 0
171 10719747 0
172 10773057 0
173 10869091 0
174 10911749 0
175 10954390 0
176 11050388 0
177 11093057 0
178 11146396 0
179 11231749 0
180 11285075 0
181 11327704 0
182 11423719 0
183 11466384 0
184 11519711 0
185 11605081 0
186 11658400 0
187 11701038 0
188 11797041 0
189 11839711 0
190 11882375 0
191 11978408 0
192 12021038 0
193 12074353 0
194 12159695 0
195 12213030 0
196 12309028 0
197 12351718 0
198 12394389 0
199 12490352 0
200 12533018 0
201 12586345 0
202 12671690 0
203 12725048 0
204 12767704 240
205 13011304 0
206 13011591 0
207 13011904 0
208 13045028 0
209 13098370 0
210 13141045 0
211 13237017 0
212 13279675 0
213 13322331 0
214 13418331 0
215 13461053 0
216 13514344 0
217 13599663 0
218 13653019 0
219 13695657 0
220 13791658 0
221 13834353 0
222 13930354 0
223 13972983 0
224 14026312 0
225 14111672 0
226 14164990 0
227 14207676 0
228 14303680 0
229 14346310 0
230 14388971 0
231 14484976 0
232 14527660 0
233 14581012 0
234 14676993 0
235 14719648 0
236 14762294 0
237 14858306 0
238 14900988 0
239 14954341 0
240 15039652 0
241 15092970 0
242 15135635 0
243 15231631 0
244 15274301 0
245 15327652 240
246 15571280 0
247 15571654 0
248 15571937 0
249 15604966 0
250 15647619 0
251 15743638 0
252 15786275 0
253 15828943 0
254 15924964 0
255 15967634 0
256 16020956 0
257 16116968 0
258 16159623 0
259 16202277 0
260 16298279 0
261 16340953 0
262 16394283 0
263 16479622 0
264 16532950 0
265 16575590 0
266 16671611 0
267 16714270 0
268 16756931 0
269 16852965 0
270 16906274 0
271 16948923 0
272 17044937 0
273 17087593 0
274 17130256 0
275 17226289 0
276 17268929 0
277 17364920 0
278 17407614 0
279 17460918 0
280 17546246 0
281 17599597 0
282 17642272 0
283 17738240 0
284 17780916 0
285 17834230 0
286 17919578 240
287 18161236 0
288 18161568 0
289 18161944 0
290 18162226 0
291 18196884 0
292 18292903 0
293 18335578 0
294 18431545 0
295 18484902 0
296 18527549 0
297 18623558 0
298 18666219 0
299 18708922 0
300 18804903 0
301 18847547 0
302 18900874 0
303 18986221 0
304 19039546 0
305 19082226 0
306 19178239 0
307 19220870 0
308 19274198 0
309 19359557 0
310 19412869 0
311 19455556 0
312 19551564 0
313 19594196 0
314 19636856 0
315 19732867 0
316 19775537 0
317 19828878 0
318 19924884 0
319 19967527 0
320 20063530 0
321 20106201 0
322 20148843 0
323 20244877 0
324 20287536 0
325 20340843 0
326 20426200 0
327 20479519 240
328 20721275 0
329 20721556 0
330 20721883 0
331 20722260 0
332 20799525 0
333 20852839 0
334 20895498 0
335 20991536 0
336 21034171 0
337 21076839 0
338 21172831 0
339 21215510 0
340 21268822 0
341 21354184 0
342 21407518 0
343 21450172 0
344 21546158 0
345 21588814 0
346 21684829 0
347 21727507 0
348 21780832 0
349 21866171 0
350 21919488 0
351 21962147 0
352 22058157 0
353 22100830 0
354 22154156 0
355 22239478 0
356 22292829 0
357 22335465 0
358 22431477 0
359 22474171 0
360 22516818 0
361 22612801 0
362 22655467 0
363 22708800 0
364 22794133 0
365 22847484 0
366 22890145 0
367 22986139 0
368 23028800 240
369 23271253 0
370 23271581 0
371 23271858 0
372 23306152 0
373 23359469 0
374 23402110 0
375 23498122 0
376 23540793 0
377 23583463 0
378 23679473 0
379 23732800 0
380 23775432 0
381 23871445 0
382 23914101 0
383 23956804 0
384 24052802 0
385 24095444 0
386 24148753 0
387 24234110 0
388 24287428 0
389 24330115 0
390 24426135 0
391 24468763 0
392 24522085 0
393 24607436 0
394 24660753 0
395 24703440 0
396 24799460 0
397 24842093 0
398 24884741 0
399 24980758 0
400 25023420 0
401 25119438 0
402 25162105 0
403 25215428 0
404 25311413 0
405 25354072 0
406 25396731 0
407 25492777 0
408 25535439 0
409 25588736 240
410 25831882 0
411 25832201 0
412 25832522 0
413 25866098 0
414 25908756 0
415 25962056 0
416 26047403 0
417 26100731 0
418 26143393 0
419 26239419 0
420 26282094 0
421 26324714 0
422 26420715 0
423 26463406 0
424 26516720 0
425 26602090 0
426 26655400 0
427 26751386 0
428 26794043 0
429 26836702 0
430 26932714 0
431 26975406 0
432 27028738 0
433 27114043 0
434 27167364 0
435 27210027 0
436 27306052 0
437 27348728 0
438 27391386 0
439 27487387 0
440 27540705 0
441 27583352 0
442 27679355 0
443 27722071 0
444 27764713 0
445 27860684 0
446 27903347 0
447 27956691 0
448 28042027 0
449 28095383 0
450 28138035 240
451 28381313 0
452 28381599 0
453 28381920 0
454 28415352 0
455 28468704 0
456 28554029 0
457 28607345 0
458 28649996 0
459 28746004 0
460 28788686 0
461 28831365 0
462 28927352 0
463 28969988 0
464 29023331 0
465 29119333 0
466 29161999 0
467 29204700 0
468 29300679 0
469 29343317 0
470 29396641 0
471 29481994 0
472 29535326 0
473 29578014 0
474 29674007 0
475 29716640 0
476 29769970 0
477 29855334 0
478 29908650 0
479 29951338 0
480 30047335 0
481 30089961 0
482 30185979 0
483 30228646 0
484 30271306 0
485 30367327 0
486 30409976 0
487 30463302 0
488 30559308 0
489 30601971 0
490 30644637 0
491 30740654 240
492 30981285 0
493 30981664 0
494 30981951 0
495 30982266 0
496 31017941 0
497 31113959 0
498 31156595 0
499 31252615 0
500 31295301 0
501 31348602 0
502 31433944 0
503 31487298 0
504 31529967 0
505 31625943 0
506 31668608 0
507 31711789 0
508 31807271 0
509 31849956 0
510 31903281 0
511 31988608 0
512 32041944 0
513 32084592 0
514 32180599 0
515 32223284 0
516 32276607 0
517 32361932 0
518 32415264 0
519 32457914 0
520 32553944 0
521 32596604 0
522 32639263 0
523 32735251 0
524 32777919 0
525 32873916 0
526 32927253 0
527 32969923 0
528 33065940 0
529 33108577 0
530 33151233 0
531 33247245 0
532 33289907 240
533 33531236 0
534 33531569 0
535 33531944 0
536 33532224 0
537 33620580 0
538 33663226 0
539 33716578 0
540 33801874 0
541 33855233 0
542 33897881 0
543 33993893 0
544 34036568 0
545 34079239 0
546 34175245 0
547 34217879 0
548 34271219 0
549 34367218 0
550 34409870 0
551 34505909 0
552 34548558 0
553 34591203 0
554 34687222 0
555 34729879 0
556 34783198 0
557 34868567 0
558 34921882 0
559 34964524 0
560 35060544 0
561 35103216 0
562 35156522 0
563 35241885 0
564 35295223 0
565 35337851 0
566 35433866 0
567 35476534 0
568 35519193 0
569 35615219 0
570 35657864 0
571 35711188 0
572 35796521 0
573 35849856 240
574 36091281 0
575 36091566 0
576 36091886 0
577 36127199 0
578 36169845 0
579 36223166 0
580 36308512 0
581 36361883 0
582 36404477 0
583 36500509 0
584 36543188 0
585 36585827 0
586 36681841 0
587 36735194 0
588 36777847 0
589 36873835 0
590 36916498 0
591 36959149 0
592 37055177 0
593 37097856 0
594 37151169 0
595 37236502 0
596 37289822 0
597 37332479 0
598 37428497 0
599 37471179 0
600 37524492 0
601 37609834 0
602 37663148 0
603 37705801 0
604 37801826 0
605 37844496 0
606 37940491 0
607 37983139 0
608 38025815 0
609 38121813 0
610 38175140 0
611 38217823 0
612 38313821 0
613 38356469 0
614 38399123 240
615 38641916 0
616 38642236 0
617 38642516 0
618 38676483 0
619 38729789 0
620 38772446 0
621 38868458 0
622 38911124 0
623 38964473 0
624 39049803 0
625 39103131 0
626 39145775 0
627 39241778 0
628 39284444 0
629 39327133 0
630 39423130 0
631 39465771 0
632 39561785 0
633 39604437 0
634 39657759 0
635 39753793 0
636 39796459 0
637 39839099 0
638 39935098 0
639 39977755 0
640 40031091 0
641 40116470 0
642 40169793 0
643 40212421 0
644 40308420 0
645 40351101 0
646 40393745 0
647 40489772 0
648 40543121 0
649 40585752 0
650 40681746 0
651 40724407 0
652 40767078 0
653 40863102 0
654 40905764 0
655 40959084 240
656 41201246 0
657 41201565 0
658 41201889 0
659 41236434 0
660 41279080 0
661 41375075 0
662 41417723 0
663 41471086 0
664 41556395 0
665 41609769 0
666 41652410 0
667 41748390 0
668 41791685 0
669 41833714 0
670 41929719 0
671 41983082 0
672 42025749 0
673 42121718 0
674 42164383 0
675 42207039 0
676 42303045 0
677 42345747 0
678 42399061 0
679 42484379 0
680 42537702 0
681 42580368 0
682 42676385 0
683 42719067 0
684 42772390 0
685 42857702 0
686 42911029 0
687 42996362 0
688 43049698 0
689 43092401 0
690 43188386 0
691 43231024 0
692 43273690 0
693 43369689 0
694 43412360 0
695 43465711 0
696 43561710 240
697 43811303 0
698 43811592 0
699 43811907 0
700 43812236 0
701 43839017 0
702 43924341 0
703 43977661 0
704 44063004 0
705 44116354 0
706 44159007 0
707 44255022 0
708 44297680 0
709 44351011 0
710 44436331 0
711 44489666 0
712 44532341 0
713 44628352 0
714 44671020 0
715 44713644 0
716 44809664 0
717 44852329 0
718 44905653 0
719 45001680 0
720 45044332 0
721 45086978 0
722 45182989 0
723 45225659 0
724 45278982 0
725 45364354 0
726 45417663 0
727 45460294 0
728 45556307 0
729 45598975 0
730 45694974 0
731 45737661 0
732 45791003 0
733 45876295 0
734 45929628 0
735 45972286 0
736 46068297 0
737 46111009 240
738 46361271 0
739 46361645 0
740 46361930 0
741 46362241 0
742 46430977 0
743 46484304 0
744 46526926 0
745 46622960 0
746 46665610 0
747 46718940 0
748 46804275 0
749 46857645 0
750 46900286 0
751 46996273 0
752 47038934 0
753 47081609 0
754 47177604 0
755 47220294 0
756 47316292 0
757 47369595 0
758 47412256 0
759 47508283 0
760 47550943 0
761 47593612 0
762 47689640 0
763 47732256 0
764 47785582 0
765 47870944 0
766 47924271 0
767 47966935 0
768 48062935 0
769 48105590 0
770 48158906 0
771 48244265 0
772 48297583 0
773 48340273 0
774 48436263 0
775 48478903 0
776 48521581 0
777 48617585 0
778 48660247 240
779 48901242 0
780 48901567 0
781 48901943 0
782 48948251 0
783 48990909 0
784 49033556 0
785 49129583 0
786 49172231 0
787 49225561 0
788 49310906 0
789 49364242 0
790 49406878 0
791 49502913 0
792 49545573 0
793 49598894 0
794 49684225 0
795 49737554 0
796 49780222 0
797 49876237 0
798 49918903 0
799 49961541 0
800 50057557 0
801 50100213 0
802 50153531 0
803 50238903 0
804 50292232 0
805 50334868 0
806 50430883 0
807 50473537 0
808 50526859 0
809 50612228 0
810 50665543 0
811 50750858 0
812 50804198 0
813 50846873 0
814 50942862 0
815 50985538 0
816 51028198 0
817 51124190 0
818 51177526 0
819 51220187 240
820 51461288 0
821 51461568 0
822 51461896 0
823 51497514 0
824 51540180 0
825 51593502 0
826 51678855 0
827 51732210 0
828 51774814 0
829 51870836 0
830 51913515 0
831 51966827 0
832 52052176 0
833 52105540 0
834 52148170 0
835 52244163 0
836 52286830 0
837 52382836 0
838 52425497 0
839 52468180 0
840 52564183 0
841 52617489 0
842 52660154 0
843 52756158 0
844 52798818 0
845 52841507 0
846 52937506 0
847 52980151 0
848 53033478 0
849 53118813 0
850 53172160 0
851 53214837 0
852 53310837 0
853 53353489 0
854 53406801 0
855 53492140 0
856 53545470 0
857 53588178 0
858 53684152 0
859 53726806 0
860 53769477 240
861 54011254 0
862 54011582 0
863 54011854 0
864 54046818 0
865 54100122 0
866 54196127 0
867 54238781 0
868 54281447 0
869 54377468 0
870 54420155 0
871 54473447 0
872 54558776 0
873 54612116 0
874 54654766 0
875 54750795 0
876 54793463 0
877 54836118 0
878 54932105 0
879 54985433 0
880 55028106 0
881 55124125 0
882 55166790 0
883 55209431 0
884 55305445 0
885 55348087 0
886 55401418 0
887 55486786 0
888 55540116 0
889 55582758 0
890 55678760 0
891 55721413 0
892 55817426 0
893 55860113 0
894 55913442 0
895 55998748 0
896 56052075 0
897 56094746 0
898 56190749 0
899 56233436 0
900 56276085 0
901 56372080 240
902 56621246 0
903 56621560 0
904 56621885 0
905 56622163 0
906 56649395 0
907 56745398 0
908 56788052 0
909 56884060 0
910 56926742 0
911 56980082 0
912 57065412 0
913 57118717 0
914 57161388 0
915 57257393 0
916 57300058 0
917 57353430 0
918 57438732 0
919 57492045 0
920 57534703 0
921 57630722 0
922 57673382 0
923 57716070 0
924 57812093 0
925 57854700 0
926 57908033 0
927 58004045 0
928 58046710 0
929 58089397 0
930 58185404 0
931 58228027 0
932 58281355 0
933 58366703 0
934 58420030 0
935 58505373 0
936 58558716 0
937 58601361 0
938 58697350 0
939 58740016 0
940 58793345 0
941 58878712 0
942 58932043 240
943 59181297 0
944 59181583 0
945 59181899 0
946 59182225 0
947 59252053 0
948 59294697 0
949 59348006 0
950 59444011 0
951 59486664 0
952 59529325 0
953 59625355 0
954 59668028 0
955 59721321 0
956 59806663 0
957 59860006 0
958 59902650 0
959 59998682 0
# stall_ms 240  spacing 41  first_frames 2048
