# mode 2: isolated stalls
# frames 2756  ahead 6  rate 44100  channels 2  events 948
# k  wait_return_us  stall_ms_taken_after
0 0 0
1 95912 0
2 138589 0
3 234627 0
4 277254 0
5 319995 0
6 415946 0
7 458610 0
8 511942 0
9 597293 0
10 650625 0
11 693307 0
12 789266 0
13 831942 0
14 885269 0
15 970622 0
16 1023947 0
17 1066634 0
18 1162629 0
19 1205263 0
20 1247929 0
21 1343944 0
22 1386618 0
23 1439975 0
24 1525285 0
25 1578607 0
26 1621248 0
27 1717265 0
28 1759918 0
29 1855949 0
30 1898603 0
31 1951911 0
32 2037259 0
33 2090581 0
34 2133244 0
35 2229292 0
36 2271932 0
37 2314570 0
38 2410589 0
39 2463920 0
40 2506570 280
41 2791328 0
42 2791659 0
43 2792039 0
44 2792328 0
45 2826553 0
46 2922568 0
47 2965252 0
48 3061217 0
49 3103903 0
50 3157224 0
51 3253250 0
52 3295891 0
53 3338571 0
54 3434585 0
55 3477240 0
56 3530556 0
57 3615885 0
58 3669212 0
59 3711909 0
60 3807899 0
61 3850550 0
62 3903892 0
63 3989209 0
64 4042542 0
65 4085219 0
66 4181234 0
67 4223882 0
68 4266534 0
69 4362552 0
70 4405197 0
71 4458552 0
72 4543892 0
73 4597186 0
74 4693195 0
75 4735888 0
76 4778516 0
77 4874548 0
78 4917205 0
79 4970527 0
80 5055859 0
81 5109188 280
82 5391373 0
83 5391671 0
84 5392003 0
85 5392384 0
86 5429162 0
87 5525177 0
88 5567852 0
89 5663857 0
90 5706487 0
91 5759831 0
92 5845178 0
93 5898507 0
94 5941164 0
95 6037201 0
96 6079851 0
97 6122490 0
98 6218513 0
99 6271822 0
100 6314484 0
101 6410529 0
102 6453180 0
103 6495816 0
104 6591821 0
105 6634498 0
106 6687810 0
107 6773174 0
108 6826514 0
109 6869145 0
110 6965146 0
111 7007807 0
112 7061157 0
113 7146501 0
114 7199821 0
115 7285155 0
116 7338475 0
117 7381133 0
118 7477144 0
119 7519823 0
120 7562474 0
121 7658470 0
122 7711816 280
123 8001348 0
124 8001678 0
125 8001958 0
126 8002286 0
127 8031773 0
128 8127796 0
129 8170447 0
130 8266453 0
131 8309159 0
132 8351755 0
133 8447785 0
134 8501771 0
135 8543771 0
136 8639779 0
137 8682469 0
138 8725133 0
139 8821113 0
140 8863768 0
141 8917098 0
142 9002443 0
143 9055799 0
144 9098440 0
145 9194434 0
146 9237091 0
147 9290420 0
148 9375769 0
149 9429129 0
150 9471776 0
151 9567775 0
152 9610417 0
153 9653079 0
154 9749086 0
155 9791786 0
156 9887769 0
157 9930425 0
158 9983751 0
159 10079750 0
160 10122409 0
161 10165092 0
162 10261112 0
163 10303750 280
164 10591329 0
165 10591663 0
166 10591994 0
167 10592281 0
168 10634418 0
169 10719726 0
170 10773055 0
171 10869072 0
172 10911725 0
173 10954415 0
174 11050434 0
175 11093054 0
176 11146381 0
177 11231844 0
178 11285049 0
179 11327734 0
180 11423732 0
181 11466393 0
182 11519709 0
183 11605049 0
184 11658391 0
185 11701056 0
186 11797035 0
187 11839700 0
188 11882375 0
189 11978380 0
190 12021048 0
191 12074403 0
192 12159716 0
193 12213029 0
194 12255686 0
195 12351714 0
196 12394354 0
197 12490389 0
198 12533067 0
199 12586348 0
200 12671689 0
201 12725030 0
202 12767679 0
203 12863715 0
204 12906375 280
205 13191382 0
206 13191666 0
207 13191977 0
208 13192293 0
209 13237023 0
210 13322335 0
211 13375678 0
212 13461025 0
213 13514352 0
214 13557015 0
215 13653022 0
216 13695680 0
217 13738324 0
218 13834340 0
219 13887672 0
220 13930328 0
221 14026365 0
222 14069007 0
223 14111649 0
224 14207664 0
225 14250328 0
226 14303655 0
227 14389031 0
228 14442333 0
229 14484975 0
230 14580987 0
231 14623664 0
232 14676984 0
233 14762331 0
234 14815671 0
235 14858298 0
236 14954307 0
237 14996967 0
238 15092980 0
239 15135668 0
240 15178311 0
241 15274312 0
242 15327625 0
243 15370292 0
244 15466315 0
245 15508995 280
246 15791350 0
247 15791731 0
248 15792015 0
249 15792328 0
250 15828937 0
251 15924957 0
252 15967593 0
253 16063627 0
254 16116945 0
255 16159604 0
256 16255612 0
257 16298313 0
258 16340950 0
259 16436944 0
260 16479601 0
261 16532949 0
262 16618278 0
263 16671624 0
264 16714287 0
265 16810267 0
266 16852930 0
267 16906270 0
268 16991599 0
269 17044952 0
270 17087608 0
271 17183604 0
272 17226253 0
273 17268919 0
274 17364927 0
275 17407604 0
276 17460933 0
277 17546259 0
278 17599583 0
279 17695594 0
280 17738256 0
281 17780945 0
282 17876931 0
283 17919571 0
284 17972916 0
285 18058273 0
286 18111583 280
287 18401331 0
288 18401658 0
289 18402029 0
290 18402313 0
291 18431552 0
292 18527563 0
293 18570254 0
294 18666219 0
295 18708893 0
296 18762220 0
297 18847563 0
298 18900885 0
299 18943572 0
300 19039581 0
301 19082212 0
302 19135543 0
303 19220905 0
304 19274213 0
305 19316891 0
306 19412907 0
307 19455552 0
308 19498202 0
309 19594216 0
310 19636888 0
311 19690221 0
312 19775557 0
313 19828872 0
314 19871548 0
315 19967537 0
316 20010196 0
317 20063565 0
318 20148880 0
319 20202187 0
320 20287541 0
321 20340871 0
322 20383518 0
323 20479555 0
324 20522205 0
325 20564841 0
326 20660855 0
327 20714203 280
328 21001381 0
329 21001666 0
330 21001996 0
331 21002390 0
332 21034162 0
333 21130190 0
334 21172835 0
335 21268855 0
336 21311850 0
337 21354163 0
338 21450169 0
339 21503495 0
340 21546168 0
341 21642199 0
342 21684842 0
343 21727485 0
344 21823499 0
345 21866158 0
346 21919483 0
347 22004854 0
348 22058169 0
349 22100814 0
350 22196828 0
351 22239483 0
352 22292810 0
353 22378180 0
354 22431502 0
355 22474132 0
356 22570150 0
357 22612816 0
358 22655463 0
359 22751501 0
360 22794161 0
361 22890141 0
362 22943477 0
363 22986129 0
364 23082143 0
365 23124818 0
366 23167473 0
367 23263482 0
368 23306131 280
369 23591337 0
370 23591668 0
371 23591948 0
372 23592282 0
373 23636780 0
374 23732807 0
375 23775446 0
376 23871457 0
377 23914149 0
378 23956759 0
379 24052798 0
380 24095445 0
381 24148767 0
382 24234110 0
383 24287485 0
384 24330115 0
385 24426104 0
386 24468782 0
387 24522094 0
388 24607434 0
389 24660801 0
390 24703457 0
391 24799430 0
392 24842092 0
393 24884767 0
394 24980756 0
395 25023456 0
396 25076770 0
397 25162094 0
398 25215419 0
399 25258078 0
400 25354095 0
401 25396766 0
402 25492764 0
403 25535432 0
404 25588736 0
405 25674085 0
406 25727418 0
407 25770089 0
408 25866093 0
409 25908742 280
410 26191328 0
411 26191649 0
412 26191970 0
413 26192255 0
414 26239404 0
415 26324726 0
416 26378064 0
417 26463398 0
418 26516724 0
419 26559405 0
420 26655425 0
421 26698053 0
422 26751381 0
423 26836719 0
424 26890049 0
425 26932738 0
426 27028752 0
427 27071377 0
428 27114037 0
429 27210054 0
430 27252709 0
431 27306056 0
432 27391392 0
433 27444715 0
434 27487360 0
435 27583371 0
436 27626043 0
437 27679390 0
438 27764715 0
439 27818024 0
440 27860698 0
441 27956698 0
442 27999352 0
443 28095394 0
444 28138079 0
445 28180684 0
446 28276696 0
447 28330012 0
448 28372677 0
449 28468727 0
450 28511377 280
451 28801387 0
452 28801677 0
453 28801992 0
454 28802317 0
455 28831352 0
456 28927336 0
457 28969991 0
458 29066003 0
459 29119358 0
460 29162004 0
461 29258019 0
462 29300695 0
463 29343319 0
464 29439329 0
465 29481996 0
466 29535344 0
467 29620683 0
468 29674012 0
469 29716662 0
470 29812653 0
471 29855329 0
472 29908653 0
473 29994013 0
474 30047337 0
475 30089968 0
476 30185990 0
477 30228651 0
478 30271314 0
479 30367350 0
480 30409985 0
481 30463300 0
482 30559318 0
483 30601963 0
484 30697977 0
485 30740666 0
486 30783328 0
487 30879299 0
488 30921962 0
489 30975305 0
490 31060625 0
491 31113996 280
492 31401356 0
493 31401729 0
494 31402025 0
495 31402344 0
496 31433949 0
497 31529949 0
498 31572590 0
499 31668627 0
500 31711281 0
501 31764604 0
502 31849964 0
503 31903295 0
504 31945954 0
505 32041952 0
506 32084601 0
507 32137933 0
508 32223268 0
509 32276636 0
510 32319276 0
511 32415267 0
512 32457939 0
513 32500591 0
514 32596595 0
515 32639277 0
516 32692614 0
517 32777930 0
518 32831250 0
519 32873926 0
520 32969918 0
521 33012611 0
522 33065923 0
523 33151256 0
524 33204576 0
525 33289938 0
526 33343253 0
527 33385928 0
528 33481926 0
529 33524585 0
530 33577894 0
531 33663251 0
532 33716590 280
533 34001320 0
534 34001654 0
535 34002027 0
536 34002308 0
537 34036553 0
538 34132571 0
539 34175243 0
540 34271204 0
541 34313887 0
542 34367226 0
543 34452555 0
544 34505882 0
545 34548581 0
546 34644565 0
547 34687216 0
548 34729877 0
549 34825886 0
550 34868541 0
551 34921898 0
552 35007237 0
553 35060534 0
554 35103198 0
555 35199226 0
556 35241870 0
557 35295220 0
558 35380550 0
559 35433882 0
560 35476531 0
561 35572534 0
562 35615204 0
563 35657879 0
564 35753887 0
565 35796514 0
566 35892529 0
567 35945868 0
568 35988508 0
569 36084550 0
570 36127199 0
571 36169843 0
572 36265854 0
573 36308521 280
574 36591363 0
575 36591647 0
576 36591974 0
577 36592352 0
578 36639153 0
579 36735175 0
580 36777832 0
581 36873867 0
582 36916480 0
583 36959161 0
584 37055165 0
585 37097839 0
586 37151159 0
587 37236518 0
588 37289856 0
589 37332481 0
590 37428489 0
591 37471165 0
592 37524490 0
593 37609841 0
594 37663166 0
595 37705823 0
596 37801819 0
597 37844482 0
598 37887139 0
599 37983184 0
600 38025830 0
601 38079132 0
602 38175148 0
603 38217808 0
604 38260489 0
605 38356502 0
606 38399149 0
607 38495140 0
608 38537819 0
609 38591105 0
610 38676460 0
611 38729813 0
612 38772486 0
613 38868465 0
614 38911138 280
615 39201338 0
616 39201666 0
617 39201949 0
618 39202279 0
619 39241767 0
620 39327109 0
621 39380454 0
622 39465777 0
623 39519144 0
624 39561754 0
625 39657782 0
626 39700436 0
627 39753766 0
628 39839114 0
629 39892468 0
630 39935116 0
631 40031130 0
632 40073759 0
633 40116420 0
634 40212439 0
635 40255124 0
636 40308432 0
637 40393755 0
638 40447097 0
639 40489748 0
640 40585753 0
641 40628451 0
642 40681779 0
643 40767086 0
644 40820415 0
645 40863088 0
646 40959079 0
647 41001763 0
648 41097780 0
649 41140412 0
650 41193734 0
651 41279084 0
652 41332398 0
653 41375086 0
654 41471754 0
655 41513741 280
656 41801352 0
657 41801691 0
658 41802017 0
659 41802295 0
660 41833728 0
661 41929732 0
662 41983048 0
663 42068389 0
664 42121729 0
665 42164400 0
666 42260406 0
667 42303049 0
668 42345718 0
669 42441718 0
670 42484376 0
671 42537745 0
672 42623062 0
673 42676373 0
674 42719031 0
675 42815057 0
676 42857705 0
677 42911081 0
678 42996398 0
679 43049694 0
680 43092360 0
681 43188379 0
682 43231040 0
683 43273719 0
684 43369736 0
685 43412356 0
686 43465683 0
687 43561693 0
688 43604361 0
689 43700383 0
690 43743048 0
691 43785693 0
692 43881687 0
693 43924348 0
694 43977672 0
695 44063051 0
696 44116372 280
697 44401376 0
698 44401661 0
699 44401977 0
700 44402293 0
701 44436359 0
702 44532334 0
703 44574990 0
704 44671020 0
705 44713670 0
706 44767003 0
707 44852372 0
708 44905675 0
709 44948315 0
710 45044332 0
711 45086995 0
712 45140326 0
713 45225677 0
714 45279017 0
715 45321641 0
716 45417651 0
717 45460319 0
718 45502996 0
719 45599002 0
720 45641665 0
721 45694980 0
722 45790981 0
723 45833654 0
724 45876311 0
725 45972339 0
726 46014990 0
727 46068289 0
728 46153644 0
729 46206957 0
730 46292297 0
731 46345673 0
732 46388304 0
733 46484294 0
734 46526967 0
735 46580286 0
736 46665622 0
737 46718986 280
738 47001352 0
739 47001723 0
740 47002007 0
741 47002325 0
742 47038934 0
743 47134938 0
744 47177596 0
745 47273612 0
746 47316273 0
747 47369614 0
748 47454937 0
749 47508293 0
750 47550950 0
751 47646942 0
752 47689598 0
753 47732258 0
754 47828276 0
755 47870954 0
756 47924273 0
757 48020270 0
758 48062923 0
759 48105588 0
760 48201614 0
761 48244275 0
762 48297594 0
763 48382929 0
764 48436259 0
765 48478909 0
766 48574917 0
767 48617620 0
768 48660257 0
769 48756245 0
770 48809571 0
771 48894931 0
772 48948252 0
773 48990922 0
774 49086933 0
775 49129564 0
776 49172230 0
777 49268257 0
778 49310909 280
779 49591324 0
780 49591658 0
781 49592033 0
782 49592319 0
783 49641558 0
784 49684234 0
785 49737576 0
786 49822872 0
787 49876246 0
788 49918883 0
789 50014887 0
790 50057544 0
791 50100247 0
792 50196231 0
793 50238887 0
794 50292231 0
795 50388213 0
796 50430867 0
797 50526900 0
798 50569554 0
799 50612194 0
800 50708199 0
801 50750890 0
802 50804194 0
803 50889565 0
804 50942893 0
805 50985518 0
806 51081523 0
807 51124200 0
808 51177530 0
809 51262883 0
810 51316205 0
811 51358858 0
812 51454850 0
813 51497526 0
814 51540175 0
815 51636213 0
816 51678862 0
817 51732172 0
818 51828184 0
819 51870853 280
820 52151363 0
821 52151645 0
822 52151971 0
823 52152346 0
824 52190833 0
825 52286832 0
826 52329493 0
827 52425524 0
828 52468143 0
829 52521492 0
830 52617511 0
831 52660156 0
832 52702819 0
833 52798846 0
834 52841522 0
835 52894816 0
836 52980155 0
837 53033499 0
838 53076144 0
839 53172172 0
840 53214829 0
841 53257483 0
842 53353478 0
843 53406812 0
844 53449483 0
845 53545496 0
846 53588157 0
847 53630793 0
848 53726811 0
849 53769466 0
850 53822796 0
851 53908164 0
852 53961482 0
853 54046802 0
854 54100146 0
855 54142790 0
856 54238792 0
857 54281920 0
858 54334805 0
859 54420129 0
860 54473460 280
861 54761359 0
862 54761677 0
863 54761956 0
864 54762286 0
865 54793428 0
866 54889444 0
867 54932117 0
868 55028111 0
869 55070803 0
870 55124095 0
871 55209437 0
872 55262766 0
873 55305429 0
874 55401446 0
875 55444135 0
876 55486776 0
877 55582782 0
878 55636090 0
879 55678754 0
880 55774765 0
881 55817454 0
882 55860098 0
883 55956102 0
884 55998763 0
885 56052081 0
886 56137416 0
887 56190796 0
888 56233427 0
889 56329413 0
890 56372076 0
891 56425414 0
892 56510747 0
893 56564096 0
894 56649434 0
895 56702744 0
896 56745399 0
897 56841414 0
898 56884067 0
899 56926756 0
900 57022774 0
901 57065404 280
902 57351327 0
903 57351651 0
904 57351977 0
905 57352253 0
906 57396077 0
907 57438736 0
908 57492047 0
909 57577392 0
910 57630713 0
911 57673416 0
912 57769402 0
913 57812040 0
914 57854720 0
915 57950720 0
916 58004046 0
917 58046724 0
918 58142734 0
919 58185367 0
920 58281381 0
921 58324036 0
922 58366698 0
923 58462756 0
924 58505408 0
925 58558687 0
926 58644030 0
927 58697376 0
928 58740022 0
929 58836056 0
930 58878718 0
931 58932029 0
932 59017361 0
933 59070684 0
934 59113360 0
935 59209381 0
936 59252043 0
937 59294673 0
938 59390694 0
939 59444012 0
940 59486668 0
941 59582721 0
942 59625370 280
943 59911441 0
944 59911727 0
945 59912045 0
946 59912370 0
947 59945344 0
# stall_ms 280  spacing 41  first_frames 2048
