sndslack: self -> 18: kr 0
sndslack: thread 1 -> 18: kr 0
sndslack: load thread started
# mode 2: isolated stalls
# frames 2756  ahead 6  rate 44100  channels 2  events 948
# k  wait_return_us  stall_ms_taken_after
0 0 0
1 99983 0
2 139985 0
3 239997 0
4 279984 0
5 319986 0
6 419984 0
7 459985 0
8 519984 0
9 599986 0
10 659996 0
11 699986 0
12 799983 0
13 839997 0
14 899986 0
15 979985 0
16 1039983 0
17 1079996 0
18 1179989 0
19 1219983 0
20 1259983 0
21 1359996 0
22 1399984 0
23 1439986 0
24 1539984 0
25 1579984 0
26 1639983 0
27 1719986 0
28 1759985 0
29 1859987 0
30 1899984 0
31 1950902 0
32 2036242 0
33 2089569 0
34 2132231 0
35 2228272 0
36 2270876 0
37 2313554 0
38 2409563 0
39 2462904 0
40 2505552 280
41 2790288 0
42 2790608 0
43 2790999 0
44 2791285 0
45 2825539 0
46 2921579 0
47 2964229 0
48 3060832 0
49 3102889 0
50 3156211 0
51 3252221 0
52 3294885 0
53 3337556 0
54 3433525 0
55 3476210 0
56 3529549 0
57 3614871 0
58 3668197 0
59 3710890 0
60 3806847 0
61 3849533 0
62 3902879 0
63 3988195 0
64 4041527 0
65 4084205 0
66 4180179 0
67 4222859 0
68 4265519 0
69 4361537 0
70 4404186 0
71 4457533 0
72 4542839 0
73 4596172 0
74 4692179 0
75 4734856 0
76 4777513 0
77 4873528 0
78 4916154 0
79 4969509 0
80 5054836 0
81 5108179 280
82 5390322 0
83 5390619 0
84 5390937 0
85 5391327 0
86 5428146 0
87 5524158 0
88 5566817 0
89 5662855 0
90 5705472 0
91 5758813 0
92 5844158 0
93 5897485 0
94 5940142 0
95 6036177 0
96 6078800 0
97 6121476 0
98 6217496 0
99 6270808 0
100 6313466 0
101 6409495 0
102 6452129 0
103 6494798 0
104 6590804 0
105 6633484 0
106 6686792 0
107 6772154 0
108 6825443 0
109 6868135 0
110 6964137 0
111 7006790 0
112 7060150 0
113 7145478 0
114 7198768 0
115 7284141 0
116 7337458 0
117 7380160 0
118 7476129 0
119 7518801 0
120 7561425 0
121 7657455 0
122 7710797 280
123 8000301 0
124 8000635 0
125 8000914 0
126 8001227 0
127 8030757 0
128 8126777 0
129 8169427 0
130 8265431 0
131 8308127 0
132 8350751 0
133 8446792 0
134 8500124 0
135 8542765 0
136 8638759 0
137 8681449 0
138 8724066 0
139 8820104 0
140 8862751 0
141 8916079 0
142 9001432 0
143 9054778 0
144 9097389 0
145 9193429 0
146 9236078 0
147 9289403 0
148 9374748 0
149 9428104 0
150 9470717 0
151 9566738 0
152 9609412 0
153 9652065 0
154 9748067 0
155 9790757 0
156 9886708 0
157 9929403 0
158 9982723 0
159 10078736 0
160 10121391 0
161 10164070 0
162 10260063 0
163 10302730 280
164 10590282 0
165 10590616 0
166 10590941 0
167 10591225 0
168 10633355 0
169 10718709 0
170 10772034 0
171 10868050 0
172 10910708 0
173 10953393 0
174 11049381 0
175 11092038 0
176 11145360 0
177 11230706 0
178 11284043 0
179 11326713 0
180 11422686 0
181 11465376 0
182 11518689 0
183 11604031 0
184 11657353 0
185 11700069 0
186 11796006 0
187 11838687 0
188 11881358 0
189 11977358 0
190 12020043 0
191 12073366 0
192 12158669 0
193 12212014 0
194 12254669 0
195 12350691 0
196 12393338 0
197 12489373 0
198 12532007 0
199 12585333 0
200 12670672 0
201 12724014 0
202 12766660 0
203 12862696 0
204 12905323 280
205 13190357 0
206 13190642 0
207 13190958 0
208 13191286 0
209 13236000 0
210 13321275 0
211 13374658 0
212 13460006 0
213 13513333 0
214 13555979 0
215 13652014 0
216 13694628 0
217 13737304 0
218 13833318 0
219 13886651 0
220 13929303 0
221 14025349 0
222 14067957 0
223 14110633 0
224 14206639 0
225 14249312 0
226 14302630 0
227 14387981 0
228 14441289 0
229 14483958 0
230 14579979 0
231 14622646 0
232 14675953 0
233 14761325 0
234 14814606 0
235 14857293 0
236 14953290 0
237 14995948 0
238 15091964 0
239 15134651 0
240 15177262 0
241 15273287 0
242 15326611 0
243 15369276 0
244 15465296 0
245 15507970 280
246 15790288 0
247 15790678 0
248 15790962 0
249 15791275 0
250 15827921 0
251 15923930 0
252 15966575 0
253 16062609 0
254 16115939 0
255 16158592 0
256 16254592 0
257 16297290 0
258 16339899 0
259 16435926 0
260 16478588 0
261 16531924 0
262 16617249 0
263 16670600 0
264 16713236 0
265 16809246 0
266 16851910 0
267 16905238 0
268 16990581 0
269 17043932 0
270 17086554 0
271 17182579 0
272 17225234 0
273 17267901 0
274 17363920 0
275 17406585 0
276 17459876 0
277 17545230 0
278 17598567 0
279 17694571 0
280 17737234 0
281 17779922 0
282 17875874 0
283 17918554 0
284 17971895 0
285 18057230 0
286 18110569 280
287 18400288 0
288 18400606 0
289 18400997 0
290 18401281 0
291 18430533 0
292 18526539 0
293 18569250 0
294 18665197 0
295 18707870 0
296 18761201 0
297 18846556 0
298 18899869 0
299 18942548 0
300 19038534 0
301 19081202 0
302 19134523 0
303 19219864 0
304 19273204 0
305 19315876 0
306 19411843 0
307 19454531 0
308 19497184 0
309 19593191 0
310 19635853 0
311 19689209 0
312 19774501 0
313 19827855 0
314 19870530 0
315 19966515 0
316 20009176 0
317 20062528 0
318 20147835 0
319 20201168 0
320 20286526 0
321 20339855 0
322 20382499 0
323 20478521 0
324 20521158 0
325 20563827 0
326 20659832 0
327 20713182 280
328 21000321 0
329 21000609 0
330 21000923 0
331 21001331 0
332 21033144 0
333 21129173 0
334 21171813 0
335 21267841 0
336 21310461 0
337 21353153 0
338 21449146 0
339 21502480 0
340 21545152 0
341 21641172 0
342 21683793 0
343 21726467 0
344 21822477 0
345 21865138 0
346 21918463 0
347 22003830 0
348 22057116 0
349 22099795 0
350 22195819 0
351 22238462 0
352 22291791 0
353 22377145 0
354 22430449 0
355 22473118 0
356 22569131 0
357 22611797 0
358 22654446 0
359 22750472 0
360 22793096 0
361 22889127 0
362 22942457 0
363 22985110 0
364 23081123 0
365 23123797 0
366 23166419 0
367 23262462 0
368 23305114 280
369 23590312 0
370 23590640 0
371 23590921 0
372 23591234 0
373 23635750 0
374 23731766 0
375 23774425 0
376 23870438 0
377 23913123 0
378 23955736 0
379 24051756 0
380 24094433 0
381 24147753 0
382 24233085 0
383 24286456 0
384 24329059 0
385 24425081 0
386 24467745 0
387 24521082 0
388 24606413 0
389 24659771 0
390 24702393 0
391 24798410 0
392 24841074 0
393 24883736 0
394 24979745 0
395 25022432 0
396 25075712 0
397 25161080 0
398 25214398 0
399 25257057 0
400 25353070 0
401 25395742 0
402 25491704 0
403 25534411 0
404 25587717 0
405 25673059 0
406 25726383 0
407 25769078 0
408 25865037 0
409 25907723 280
410 26190311 0
411 26190635 0
412 26190966 0
413 26191248 0
414 26238346 0
415 26323700 0
416 26377044 0
417 26462377 0
418 26515702 0
419 26558381 0
420 26654358 0
421 26697030 0
422 26760059 0
423 26835709 0
424 26889029 0
425 26931710 0
426 27027695 0
427 27070357 0
428 27113016 0
429 27209031 0
430 27251700 0
431 27305037 0
432 27390331 0
433 27443691 0
434 27486344 0
435 27582355 0
436 27625012 0
437 27678372 0
438 27763659 0
439 27817006 0
440 27859676 0
441 27955675 0
442 27998335 0
443 28094374 0
444 28136994 0
445 28179664 0
446 28275672 0
447 28328997 0
448 28371653 0
449 28467688 0
450 28510329 280
451 28800359 0
452 28800649 0
453 28800971 0
454 28801304 0
455 28830325 0
456 28926280 0
457 28968977 0
458 29064979 0
459 29118334 0
460 29160977 0
461 29257005 0
462 29299624 0
463 29342309 0
464 29438308 0
465 29480978 0
466 29534309 0
467 29619654 0
468 29672951 0
469 29715628 0
470 29811637 0
471 29854307 0
472 29907620 0
473 29992991 0
474 30046274 0
475 30088951 0
476 30184965 0
477 30227633 0
478 30270283 0
479 30366328 0
480 30408937 0
481 30462275 0
482 30558280 0
483 30600952 0
484 30696947 0
485 30739639 0
486 30782265 0
487 30878273 0
488 30920937 0
489 30974268 0
490 31059611 0
491 31112968 280
492 31400286 0
493 31400675 0
494 31400981 0
495 31401294 0
496 31432924 0
497 31528919 0
498 31571566 0
499 31667600 0
500 31710254 0
501 31763586 0
502 31848938 0
503 31902268 0
504 31944896 0
505 32040930 0
506 32083580 0
507 32136911 0
508 32222256 0
509 32275607 0
510 32318216 0
511 32414243 0
512 32456905 0
513 32499577 0
514 32595571 0
515 32638261 0
516 32691554 0
517 32776902 0
518 32830228 0
519 32872894 0
520 32968901 0
521 33011582 0
522 33064871 0
523 33150235 0
524 33203553 0
525 33288906 0
526 33342239 0
527 33384903 0
528 33480867 0
529 33523558 0
530 33576875 0
531 33662227 0
532 33715557 280
533 34000294 0
534 34000608 0
535 34000992 0
536 34001282 0
537 34035524 0
538 34131534 0
539 34174225 0
540 34270196 0
541 34312863 0
542 34366202 0
543 34451528 0
544 34504861 0
545 34547537 0
546 34643515 0
547 34686191 0
548 34728852 0
549 34824863 0
550 34867522 0
551 34920864 0
552 35006174 0
553 35059515 0
554 35102177 0
555 35198206 0
556 35240850 0
557 35294188 0
558 35379492 0
559 35432858 0
560 35475512 0
561 35571514 0
562 35614185 0
563 35656849 0
564 35752822 0
565 35795491 0
566 35891503 0
567 35944846 0
568 35987491 0
569 36083524 0
570 36126140 0
571 36168821 0
572 36264846 0
573 36307496 280
574 36590324 0
575 36590606 0
576 36590916 0
577 36591304 0
578 36638133 0
579 36734152 0
580 36776806 0
581 36872847 0
582 36915456 0
583 36958134 0
584 37054137 0
585 37096813 0
586 37150140 0
587 37235496 0
588 37288784 0
589 37331472 0
590 37427465 0
591 37470146 0
592 37523466 0
593 37608815 0
594 37662111 0
595 37704789 0
596 37800800 0
597 37843456 0
598 37886114 0
599 37982146 0
600 38024768 0
601 38078110 0
602 38174136 0
603 38216784 0
604 38259439 0
605 38355481 0
606 38398089 0
607 38494119 0
608 38536782 0
609 38590144 0
610 38675438 0
611 38728788 0
612 38771433 0
613 38867444 0
614 38910128 280
615 39200301 0
616 39200628 0
617 39200903 0
618 39201214 0
619 39240747 0
620 39326089 0
621 39379414 0
622 39464761 0
623 39518112 0
624 39560727 0
625 39656755 0
626 39699411 0
627 39752745 0
628 39838086 0
629 39891439 0
630 39934057 0
631 40030115 0
632 40072738 0
633 40115401 0
634 40211404 0
635 40254112 0
636 40307382 0
637 40392735 0
638 40446079 0
639 40488724 0
640 40584731 0
641 40627420 0
642 40680714 0
643 40766063 0
644 40819388 0
645 40862067 0
646 40958055 0
647 41000736 0
648 41096720 0
649 41139391 0
650 41192711 0
651 41278055 0
652 41331387 0
653 41374060 0
654 41470047 0
655 41512729 280
656 41800285 0
657 41800616 0
658 41800947 0
659 41801228 0
660 41832672 0
661 41928706 0
662 41982025 0
663 42067368 0
664 42139985 0
665 42163378 0
666 42259347 0
667 42302023 0
668 42344699 0
669 42440692 0
670 42483355 0
671 42536700 0
672 42622003 0
673 42675348 0
674 42718008 0
675 42814027 0
676 42856678 0
677 42910046 0
678 42995344 0
679 43048675 0
680 43091336 0
681 43187351 0
682 43230021 0
683 43272687 0
684 43368655 0
685 43411341 0
686 43464659 0
687 43560671 0
688 43603333 0
689 43699354 0
690 43741986 0
691 43784652 0
692 43880668 0
693 43923325 0
694 43976649 0
695 44062025 0
696 44115309 280
697 44400342 0
698 44400626 0
699 44400943 0
700 44401267 0
701 44435330 0
702 44531262 0
703 44573970 0
704 44669999 0
705 44712653 0
706 44765972 0
707 44851347 0
708 44904615 0
709 44947293 0
710 45043300 0
711 45085985 0
712 45139292 0
713 45224649 0
714 45277954 0
715 45320621 0
716 45416631 0
717 45459296 0
718 45501960 0
719 45597972 0
720 45640603 0
721 45693959 0
722 45789952 0
723 45832625 0
724 45875275 0
725 45971308 0
726 46013925 0
727 46067267 0
728 46152618 0
729 46205936 0
730 46291273 0
731 46344644 0
732 46387248 0
733 46483271 0
734 46525928 0
735 46579272 0
736 46664592 0
737 46717958 280
738 47000311 0
739 47000699 0
740 47000984 0
741 47001302 0
742 47037906 0
743 47133913 0
744 47176568 0
745 47272583 0
746 47315249 0
747 47368583 0
748 47453922 0
749 47507266 0
750 47549885 0
751 47645916 0
752 47688573 0
753 47731237 0
754 47827257 0
755 47869924 0
756 47923212 0
757 48019242 0
758 48061898 0
759 48104561 0
760 48200562 0
761 48243258 0
762 48296537 0
763 48381908 0
764 48435233 0
765 48477889 0
766 48573890 0
767 48616574 0
768 48659203 0
769 48755217 0
770 48808542 0
771 48893897 0
772 48947227 0
773 48989894 0
774 49085867 0
775 49128546 0
776 49171204 0
777 49267229 0
778 49309883 280
779 49590297 0
780 49590620 0
781 49591009 0
782 49591296 0
783 49640536 0
784 49683210 0
785 49736544 0
786 49821847 0
787 49875197 0
788 49917864 0
789 50013865 0
790 50056523 0
791 50099200 0
792 50195176 0
793 50237862 0
794 50291185 0
795 50387192 0
796 50429844 0
797 50525881 0
798 50568490 0
799 50611167 0
800 50707172 0
801 50749867 0
802 50803165 0
803 50888528 0
804 50941832 0
805 50984494 0
806 51080499 0
807 51123173 0
808 51176501 0
809 51261847 0
810 51315144 0
811 51357823 0
812 51453836 0
813 51496500 0
814 51539151 0
815 51635187 0
816 51677803 0
817 51731145 0
818 51827168 0
819 51869824 280
820 52150326 0
821 52150607 0
822 52150916 0
823 52151301 0
824 52189795 0
825 52285813 0
826 52328469 0
827 52424504 0
828 52467118 0
829 52520466 0
830 52616467 0
831 52659140 0
832 52701791 0
833 52797814 0
834 52840457 0
835 52893789 0
836 52979128 0
837 53032457 0
838 53075125 0
839 53171148 0
840 53213769 0
841 53256460 0
842 53352448 0
843 53405786 0
844 53448448 0
845 53544478 0
846 53587094 0
847 53629769 0
848 53725785 0
849 53768439 0
850 53821768 0
851 53907131 0
852 53960416 0
853 54045782 0
854 54099123 0
855 54141766 0
856 54237767 0
857 54280445 0
858 54333749 0
859 54419104 0
860 54472438 280
861 54760313 0
862 54760648 0
863 54760931 0
864 54761243 0
865 54792402 0
866 54888416 0
867 54931093 0
868 55027082 0
869 55069773 0
870 55123059 0
871 55208417 0
872 55261744 0
873 55304404 0
874 55400417 0
875 55443107 0
876 55485716 0
877 55581755 0
878 55635064 0
879 55677729 0
880 55773743 0
881 55816424 0
882 55859038 0
883 55955067 0
884 55997734 0
885 56051055 0
886 56136392 0
887 56189752 0
888 56232381 0
889 56328386 0
890 56371053 0
891 56424391 0
892 56509721 0
893 56563066 0
894 56648381 0
895 56701718 0
896 56744371 0
897 56840389 0
898 56883043 0
899 56925726 0
900 57021684 0
901 57064388 280
902 57350278 0
903 57350600 0
904 57350932 0
905 57351212 0
906 57395011 0
907 57437698 0
908 57491030 0
909 57576363 0
910 57629689 0
911 57672383 0
912 57768332 0
913 57811021 0
914 57853678 0
915 57949697 0
916 58003016 0
917 58045697 0
918 58141667 0
919 58184341 0
920 58280346 0
921 58323022 0
922 58365669 0
923 58461704 0
924 58504343 0
925 58557663 0
926 58643004 0
927 58696336 0
928 58739006 0
929 58835032 0
930 58877658 0
931 58931004 0
932 59016335 0
933 59069660 0
934 59112318 0
935 59208362 0
936 59250981 0
937 59293649 0
938 59389662 0
939 59442989 0
940 59485648 0
941 59581689 0
942 59624307 280
943 59910337 0
944 59910627 0
945 59910946 0
946 59911276 0
947 59944313 0
# stall_ms 280  spacing 41  first_frames 2048
