sndslack: self -> 18: kr 0
sndslack: thread 1 -> 18: kr 0
sndslack: load thread started
# mode 2: isolated stalls
# frames 2756  ahead 6  rate 44100  channels 2  events 960
# k  wait_return_us  stall_ms_taken_after
0 0 0
1 100008 0
2 140001 0
3 239999 0
4 279999 0
5 319999 0
6 419998 0
7 460024 0
8 519999 0
9 599999 0
10 659998 0
11 700000 0
12 800011 0
13 839999 0
14 899997 0
15 980004 0
16 1039998 0
17 1079998 0
18 1180001 0
19 1219998 0
20 1259997 0
21 1359997 0
22 1400004 0
23 1440001 0
24 1539996 0
25 1579999 0
26 1640011 0
27 1720012 0
28 1759999 0
29 1860000 0
30 1899998 0
31 1959999 0
32 2040000 0
33 2099998 0
34 2140013 0
35 2228282 0
36 2270907 0
37 2313576 0
38 2409584 0
39 2462923 0
40 2505578 240
41 2750302 0
42 2750618 0
43 2751023 0
44 2782921 0
45 2825582 0
46 2878911 0
47 2964255 0
48 3017561 0
49 3060237 0
50 3156251 0
51 3198912 0
52 3252228 0
53 3337587 0
54 3390868 0
55 3476224 0
56 3529574 0
57 3572230 0
58 3668252 0
59 3710925 0
60 3753529 0
61 3849560 0
62 3902891 0
63 3945564 0
64 4041557 0
65 4084239 0
66 4126864 0
67 4222888 0
68 4265551 0
69 4318877 0
70 4404220 0
71 4457568 0
72 4500180 0
73 4596206 0
74 4638878 0
75 4692209 0
76 4777551 0
77 4830889 0
78 4873508 0
79 4969546 0
80 5012188 0
81 5108183 240
82 5350335 0
83 5350633 0
84 5350946 0
85 5351334 0
86 5385514 0
87 5481519 0
88 5524176 0
89 5620210 0
90 5662841 0
91 5705516 0
92 5801525 0
93 5844176 0
94 5897498 0
95 5982861 0
96 6036170 0
97 6078840 0
98 6174828 0
99 6217500 0
100 6270837 0
101 6356185 0
102 6409485 0
103 6452175 0
104 6548148 0
105 6590826 0
106 6633482 0
107 6729518 0
108 6772147 0
109 6825489 0
110 6910814 0
111 6964150 0
112 7006810 0
113 7102842 0
114 7145459 0
115 7241490 0
116 7284152 0
117 7337473 0
118 7422809 0
119 7476159 0
120 7518788 0
121 7614808 0
122 7657468 240
123 7900421 0
124 7900853 0
125 7901228 0
126 7901649 0
127 7988131 0
128 8030795 0
129 8073458 0
130 8169467 0
131 8212144 0
132 8265439 0
133 8350801 0
134 8404115 0
135 8446781 0
136 8542790 0
137 8585467 0
138 8638756 0
139 8724117 0
140 8777447 0
141 8862779 0
142 8916103 0
143 8958803 0
144 9054762 0
145 9097449 0
146 9140113 0
147 9236116 0
148 9289438 0
149 9332113 0
150 9428090 0
151 9470771 0
152 9513422 0
153 9609437 0
154 9652090 0
155 9705439 0
156 9790821 0
157 9844096 0
158 9886744 0
159 9982757 0
160 10025427 0
161 10078761 0
162 10164071 0
163 10217436 240
164 10460302 0
165 10460620 0
166 10460945 0
167 10494770 0
168 10537400 0
169 10580086 0
170 10676080 0
171 10718749 0
172 10772074 0
173 10868106 0
174 10910722 0
175 10953390 0
176 11049399 0
177 11092082 0
178 11145398 0
179 11230756 0
180 11284056 0
181 11326718 0
182 11422725 0
183 11465398 0
184 11518731 0
185 11604077 0
186 11657375 0
187 11700071 0
188 11796049 0
189 11838719 0
190 11881381 0
191 11977415 0
192 12020069 0
193 12073368 0
194 12158719 0
195 12212035 0
196 12308048 0
197 12350739 0
198 12393353 0
199 12489365 0
200 12532038 0
201 12585358 0
202 12670694 0
203 12724055 0
204 12766685 240
205 13010358 0
206 13010648 0
207 13010970 0
208 13044031 0
209 13097380 0
210 13140012 0
211 13236026 0
212 13278690 0
213 13321346 0
214 13417350 0
215 13460056 0
216 13513320 0
217 13598681 0
218 13652014 0
219 13694670 0
220 13790689 0
221 13833358 0
222 13929320 0
223 13971997 0
224 14025334 0
225 14110667 0
226 14164002 0
227 14206700 0
228 14302651 0
229 14345326 0
230 14387982 0
231 14483997 0
232 14526663 0
233 14580029 0
234 14675974 0
235 14718648 0
236 14761311 0
237 14857336 0
238 14900004 0
239 14953337 0
240 15038623 0
241 15091984 0
242 15134635 0
243 15230644 0
244 15273322 0
245 15326667 240
246 15570303 0
247 15570690 0
248 15570973 0
249 15603979 0
250 15646633 0
251 15742656 0
252 15785274 0
253 15827952 0
254 15923972 0
255 15966628 0
256 16019956 0
257 16115976 0
258 16158599 0
259 16201279 0
260 16297303 0
261 16339967 0
262 16393283 0
263 16478630 0
264 16531934 0
265 16574603 0
266 16670618 0
267 16713281 0
268 16755952 0
269 16851959 0
270 16905252 0
271 16947937 0
272 17043939 0
273 17086606 0
274 17129267 0
275 17225288 0
276 17267906 0
277 17363941 0
278 17406600 0
279 17459917 0
280 17545256 0
281 17598615 0
282 17641229 0
283 17737254 0
284 17779938 0
285 17833270 0
286 17918582 240
287 18160293 0
288 18160607 0
289 18160993 0
290 18161277 0
291 18195906 0
292 18291906 0
293 18334589 0
294 18430565 0
295 18483905 0
296 18526559 0
297 18622584 0
298 18665227 0
299 18707910 0
300 18803882 0
301 18846569 0
302 18899887 0
303 18985227 0
304 19038568 0
305 19081236 0
306 19177204 0
307 19219886 0
308 19273221 0
309 19358560 0
310 19411883 0
311 19454577 0
312 19550533 0
313 19593213 0
314 19635870 0
315 19731883 0
316 19774538 0
317 19827888 0
318 19923860 0
319 19966532 0
320 20062548 0
321 20105225 0
322 20147859 0
323 20243881 0
324 20286514 0
325 20339865 0
326 20425211 0
327 20478531 240
328 20720332 0
329 20720617 0
330 20720931 0
331 20721323 0
332 20798516 0
333 20851850 0
334 20894509 0
335 20990544 0
336 21033172 0
337 21075847 0
338 21171858 0
339 21214507 0
340 21267833 0
341 21353197 0
342 21406499 0
343 21449173 0
344 21545174 0
345 21587835 0
346 21683834 0
347 21726516 0
348 21779814 0
349 21865168 0
350 21918501 0
351 21961157 0
352 22057168 0
353 22099842 0
354 22142468 0
355 22238490 0
356 22291828 0
357 22334482 0
358 22430492 0
359 22473167 0
360 22515796 0
361 22611831 0
362 22654483 0
363 22707804 0
364 22793142 0
365 22846505 0
366 22889114 0
367 22985138 0
368 23027823 240
369 23270310 0
370 23270639 0
371 23270920 0
372 23305127 0
373 23358476 0
374 23401125 0
375 23497141 0
376 23539793 0
377 23582478 0
378 23678456 0
379 23731799 0
380 23774447 0
381 23870463 0
382 23913119 0
383 23955800 0
384 24051769 0
385 24094463 0
386 24147773 0
387 24233114 0
388 24286456 0
389 24329125 0
390 24425104 0
391 24467777 0
392 24521104 0
393 24606439 0
394 24659767 0
395 24702461 0
396 24798418 0
397 24841107 0
398 24883755 0
399 24979774 0
400 25022423 0
401 25118447 0
402 25161087 0
403 25214426 0
404 25310431 0
405 25353097 0
406 25395749 0
407 25491781 0
408 25534409 0
409 25587760 240
410 25830313 0
411 25830636 0
412 25830961 0
413 25865110 0
414 25907734 0
415 25961080 0
416 26046407 0
417 26099745 0
418 26142411 0
419 26238436 0
420 26281061 0
421 26323728 0
422 26419734 0
423 26462406 0
424 26515735 0
425 26601102 0
426 26654380 0
427 26750392 0
428 26793050 0
429 26835723 0
430 26931727 0
431 26974411 0
432 27027709 0
433 27113049 0
434 27166381 0
435 27209040 0
436 27305048 0
437 27347739 0
438 27390363 0
439 27486381 0
440 27539702 0
441 27582368 0
442 27678385 0
443 27721066 0
444 27763691 0
445 27859710 0
446 27919999 0
447 27955698 0
448 28041031 0
449 28094403 0
450 28137016 240
451 28380417 0
452 28380702 0
453 28381022 0
454 28414366 0
455 28467717 0
456 28553008 0
457 28606350 0
458 28649008 0
459 28745020 0
460 28787688 0
461 28830373 0
462 28926331 0
463 28969010 0
464 29022334 0
465 29118368 0
466 29161013 0
467 29203696 0
468 29299650 0
469 29342340 0
470 29395660 0
471 29481010 0
472 29534353 0
473 29577019 0
474 29672979 0
475 29715657 0
476 29768992 0
477 29854326 0
478 29907664 0
479 29950877 0
480 30046306 0
481 30088978 0
482 30184998 0
483 30227660 0
484 30270306 0
485 30366331 0
486 30408965 0
487 30462306 0
488 30558318 0
489 30600992 0
490 30643635 0
491 30739658 240
492 30980304 0
493 30980690 0
494 30980976 0
495 30981295 0
496 31016958 0
497 31112957 0
498 31155606 0
499 31251629 0
500 31294300 0
501 31347620 0
502 31432973 0
503 31486309 0
504 31528932 0
505 31624953 0
506 31667634 0
507 31710279 0
508 31806282 0
509 31848980 0
510 31902259 0
511 31987613 0
512 32040951 0
513 32083610 0
514 32179610 0
515 32222295 0
516 32275588 0
517 32360932 0
518 32414274 0
519 32456928 0
520 32552943 0
521 32595618 0
522 32638240 0
523 32734269 0
524 32776920 0
525 32872925 0
526 32926277 0
527 32968937 0
528 33064906 0
529 33107595 0
530 33150242 0
531 33246253 0
532 33288923 240
533 33530293 0
534 33530614 0
535 33530998 0
536 33531285 0
537 33619578 0
538 33662242 0
539 33715587 0
540 33800907 0
541 33854238 0
542 33896894 0
543 33992923 0
544 34035564 0
545 34078245 0
546 34174220 0
547 34216895 0
548 34270223 0
549 34366237 0
550 34408887 0
551 34504922 0
552 34547536 0
553 34590221 0
554 34686227 0
555 34728899 0
556 34782224 0
557 34867569 0
558 34920861 0
559 34963539 0
560 35059559 0
561 35102219 0
562 35155535 0
563 35240903 0
564 35294183 0
565 35336863 0
566 35432885 0
567 35475546 0
568 35518199 0
569 35614218 0
570 35656851 0
571 35710190 0
572 35795538 0
573 35848874 240
574 36090345 0
575 36090629 0
576 36090940 0
577 36126195 0
578 36168865 0
579 36222182 0
580 36307533 0
581 36360881 0
582 36403495 0
583 36499529 0
584 36542188 0
585 36584842 0
586 36680867 0
587 36734202 0
588 36776820 0
589 36872848 0
590 36915517 0
591 36958165 0
592 37054180 0
593 37096880 0
594 37150142 0
595 37235507 0
596 37288836 0
597 37331497 0
598 37427504 0
599 37470253 0
600 37523474 0
601 37608831 0
602 37662162 0
603 37704815 0
604 37800835 0
605 37843509 0
606 37939472 0
607 37982155 0
608 38024837 0
609 38120816 0
610 38174163 0
611 38216836 0
612 38312794 0
613 38355491 0
614 38398139 240
615 38640309 0
616 38640642 0
617 38640923 0
618 38675460 0
619 38728804 0
620 38771470 0
621 38867467 0
622 38910156 0
623 38963487 0
624 39048784 0
625 39102132 0
626 39144779 0
627 39240799 0
628 39283462 0
629 39326139 0
630 39422111 0
631 39464781 0
632 39560795 0
633 39603450 0
634 39656780 0
635 39752796 0
636 39795432 0
637 39838120 0
638 39934109 0
639 39976770 0
640 40030757 0
641 40115454 0
642 40168756 0
643 40211433 0
644 40307445 0
645 40350117 0
646 40392756 0
647 40488797 0
648 40542085 0
649 40584763 0
650 40680761 0
651 40723424 0
652 40766081 0
653 40862104 0
654 40904742 0
655 40958085 240
656 41200317 0
657 41200634 0
658 41200957 0
659 41235442 0
660 41278060 0
661 41374083 0
662 41416736 0
663 41470085 0
664 41555410 0
665 41608771 0
666 41651388 0
667 41747406 0
668 41790082 0
669 41832729 0
670 41928751 0
671 41982089 0
672 42024715 0
673 42120728 0
674 42163394 0
675 42206052 0
676 42302058 0
677 42344764 0
678 42398038 0
679 42483384 0
680 42536716 0
681 42579387 0
682 42675386 0
683 42718075 0
684 42771375 0
685 42856709 0
686 42910055 0
687 42995380 0
688 43048713 0
689 43091399 0
690 43187370 0
691 43230054 0
692 43272695 0
693 43368702 0
694 43411380 0
695 43464715 0
696 43560682 240
697 43810479 0
698 43810867 0
699 43811282 0
700 43811711 0
701 43838029 0
702 43923304 0
703 43976678 0
704 44062024 0
705 44115360 0
706 44158011 0
707 44254052 0
708 44296660 0
709 44350033 0
710 44435341 0
711 44488695 0
712 44531335 0
713 44627370 0
714 44670009 0
715 44712661 0
716 44808667 0
717 44851339 0
718 44904669 0
719 45000685 0
720 45043310 0
721 45085994 0
722 45181990 0
723 45224668 0
724 45277982 0
725 45363346 0
726 45416635 0
727 45459311 0
728 45555330 0
729 45597977 0
730 45693983 0
731 45736681 0
732 45789953 0
733 45875315 0
734 45928649 0
735 45971304 0
736 46067306 0
737 46110015 240
738 46360316 0
739 46360702 0
740 46360992 0
741 46361314 0
742 46429964 0
743 46483314 0
744 46525937 0
745 46621978 0
746 46664625 0
747 46717954 0
748 46803295 0
749 46856638 0
750 46899265 0
751 46995289 0
752 47037950 0
753 47080611 0
754 47176636 0
755 47219294 0
756 47315261 0
757 47368608 0
758 47411275 0
759 47507286 0
760 47549949 0
761 47592634 0
762 47688588 0
763 47731267 0
764 47784593 0
765 47869949 0
766 47923274 0
767 47965943 0
768 48061918 0
769 48106450 0
770 48157924 0
771 48243274 0
772 48296595 0
773 48339270 0
774 48435250 0
775 48477921 0
776 48520575 0
777 48616600 0
778 48659268 240
779 48900298 0
780 48900617 0
781 48901007 0
782 48947252 0
783 48989919 0
784 49032566 0
785 49128602 0
786 49171227 0
787 49224575 0
788 49309917 0
789 49363248 0
790 49405891 0
791 49501922 0
792 49544553 0
793 49597900 0
794 49683244 0
795 49736579 0
796 49779216 0
797 49875246 0
798 49917889 0
799 49960557 0
800 50056559 0
801 50099229 0
802 50152552 0
803 50237906 0
804 50291205 0
805 50333891 0
806 50429887 0
807 50472551 0
808 50525871 0
809 50611238 0
810 50664518 0
811 50749891 0
812 50803208 0
813 50845871 0
814 50941870 0
815 50984559 0
816 51027176 0
817 51123199 0
818 51176547 0
819 51219198 240
820 51460345 0
821 51460627 0
822 51460943 0
823 51496535 0
824 51539195 0
825 51592525 0
826 51677869 0
827 51731210 0
828 51773825 0
829 51869854 0
830 51912525 0
831 51965841 0
832 52051194 0
833 52104533 0
834 52147151 0
835 52243187 0
836 52285839 0
837 52381838 0
838 52424522 0
839 52467189 0
840 52563153 0
841 52616504 0
842 52659172 0
843 52755172 0
844 52797832 0
845 52860001 0
846 52936475 0
847 52979164 0
848 53032489 0
849 53117828 0
850 53171162 0
851 53213844 0
852 53309801 0
853 53352490 0
854 53405817 0
855 53491153 0
856 53544487 0
857 53587170 0
858 53683147 0
859 53725818 0
860 53768473 240
861 54010332 0
862 54010662 0
863 54010943 0
864 54045791 0
865 54099133 0
866 54195142 0
867 54237799 0
868 54280454 0
869 54376485 0
870 54419115 0
871 54472460 0
872 54557792 0
873 54611117 0
874 54653782 0
875 54749828 0
876 54792441 0
877 54835121 0
878 54931116 0
879 54984452 0
880 55027107 0
881 55123137 0
882 55165777 0
883 55208444 0
884 55304439 0
885 55347103 0
886 55400439 0
887 55485794 0
888 55539091 0
889 55581779 0
890 55677770 0
891 55720428 0
892 55816441 0
893 55859118 0
894 55912405 0
895 55997776 0
896 56051093 0
897 56093750 0
898 56189762 0
899 56232455 0
900 56275062 0
901 56371080 240
902 56620402 0
903 56620826 0
904 56621256 0
905 56621641 0
906 56648382 0
907 56744419 0
908 56787067 0
909 56883085 0
910 56925744 0
911 56979095 0
912 57064398 0
913 57117731 0
914 57160393 0
915 57256409 0
916 57299072 0
917 57352421 0
918 57437711 0
919 57491066 0
920 57533719 0
921 57629731 0
922 57672411 0
923 57715078 0
924 57811036 0
925 57853716 0
926 57907052 0
927 58003053 0
928 58045721 0
929 58088406 0
930 58184362 0
931 58227064 0
932 58280368 0
933 58365717 0
934 58419032 0
935 58504390 0
936 58557705 0
937 58600366 0
938 58696371 0
939 58739037 0
940 58792361 0
941 58877721 0
942 58931032 240
943 59180353 0
944 59180640 0
945 59180958 0
946 59181289 0
947 59251043 0
948 59293669 0
949 59347013 0
950 59443027 0
951 59485683 0
952 59528342 0
953 59624379 0
954 59666990 0
955 59720340 0
956 59805683 0
957 59859006 0
958 59901669 0
959 59997709 0
# stall_ms 240  spacing 41  first_frames 2048
