sndslack: self -> 18: kr 0
sndslack: thread 1 -> 18: kr 0
sndslack: load thread started
# mode 2: isolated stalls
# frames 2756  ahead 6  rate 44100  channels 2  events 960
# k  wait_return_us  stall_ms_taken_after
0 0 0
1 99994 0
2 140000 0
3 239997 0
4 279996 0
5 320012 0
6 419999 0
7 459996 0
8 519996 0
9 599996 0
10 659995 0
11 699997 0
12 799994 0
13 840000 0
14 899994 0
15 980007 0
16 1039998 0
17 1079996 0
18 1179994 0
19 1219994 0
20 1260001 0
21 1359994 0
22 1399995 0
23 1440010 0
24 1539995 0
25 1577530 0
26 1620194 0
27 1716211 0
28 1758859 0
29 1854879 0
30 1897510 0
31 1959996 0
32 2039997 0
33 2100002 0
34 2139996 0
35 2239996 0
36 2279996 0
37 2319998 0
38 2420020 0
39 2479994 0
40 2510803 200
41 2720405 0
42 2720823 0
43 2721306 0
44 2782855 0
45 2825512 0
46 2878835 0
47 2964210 0
48 3017490 0
49 3060168 0
50 3156183 0
51 3198839 0
52 3252156 0
53 3337518 0
54 3390812 0
55 3476164 0
56 3529502 0
57 3572171 0
58 3668164 0
59 3710851 0
60 3753460 0
61 3849487 0
62 3902823 0
63 3945489 0
64 4041512 0
65 4084170 0
66 4126786 0
67 4222824 0
68 4265483 0
69 4318815 0
70 4404160 0
71 4457497 0
72 4500131 0
73 4596141 0
74 4638818 0
75 4692140 0
76 4777472 0
77 4830835 0
78 4873437 0
79 4969459 0
80 5012119 0
81 5108120 200
82 5310331 0
83 5310648 0
84 5310966 0
85 5332125 0
86 5385448 0
87 5481461 0
88 5524114 0
89 5566797 0
90 5662782 0
91 5705449 0
92 5758767 0
93 5844111 0
94 5897447 0
95 5940136 0
96 6036085 0
97 6078773 0
98 6121436 0
99 6217435 0
100 6270766 0
101 6313456 0
102 6409408 0
103 6452101 0
104 6494765 0
105 6590783 0
106 6633424 0
107 6686769 0
108 6772074 0
109 6825423 0
110 6910742 0
111 6964095 0
112 7006741 0
113 7102785 0
114 7145411 0
115 7198745 0
116 7284068 0
117 7337407 0
118 7380099 0
119 7476105 0
120 7518724 0
121 7561417 0
122 7657391 200
123 7860303 0
124 7860633 0
125 7860912 0
126 7892053 0
127 7934729 0
128 8030738 0
129 8073393 0
130 8126721 0
131 8212093 0
132 8265375 0
133 8308055 0
134 8404060 0
135 8446712 0
136 8542724 0
137 8585409 0
138 8638696 0
139 8724045 0
140 8777372 0
141 8820069 0
142 8916040 0
143 8958734 0
144 9001345 0
145 9097375 0
146 9140080 0
147 9193364 0
148 9289372 0
149 9332054 0
150 9374671 0
151 9470711 0
152 9513358 0
153 9566692 0
154 9652037 0
155 9705384 0
156 9747998 0
157 9844023 0
158 9886693 0
159 9929347 0
160 10025356 0
161 10078709 0
162 10163993 0
163 10217356 200
164 10420294 0
165 10420618 0
166 10420944 0
167 10441359 0
168 10537335 0
169 10580022 0
170 10633335 0
171 10718677 0
172 10772000 0
173 10814678 0
174 10910835 0
175 10953327 0
176 11006654 0
177 11091998 0
178 11145334 0
179 11188008 0
180 11283968 0
181 11326649 0
182 11369322 0
183 11465331 0
184 11518652 0
185 11561341 0
186 11657305 0
187 11699997 0
188 11742641 0
189 11838663 0
190 11881304 0
191 11977345 0
192 12019962 0
193 12073299 0
194 12158639 0
195 12211987 0
196 12254630 0
197 12350660 0
198 12393294 0
199 12446622 0
200 12531964 0
201 12585304 0
202 12627962 0
203 12723984 0
204 12766612 200
205 12970349 0
206 12970644 0
207 12970963 0
208 13001279 0
209 13097310 0
210 13139933 0
211 13182610 0
212 13278627 0
213 13321287 0
214 13374604 0
215 13459998 0
216 13513251 0
217 13598610 0
218 13651960 0
219 13694604 0
220 13790602 0
221 13833294 0
222 13886585 0
223 13971934 0
224 14025272 0
225 14067936 0
226 14163926 0
227 14206624 0
228 14249234 0
229 14345264 0
230 14387932 0
231 14441252 0
232 14526592 0
233 14579952 0
234 14622559 0
235 14718592 0
236 14761254 0
237 14814578 0
238 14899909 0
239 14953279 0
240 14995882 0
241 15091910 0
242 15134575 0
243 15230574 0
244 15273241 0
245 15326603 200
246 15530411 0
247 15530891 0
248 15531275 0
249 15603905 0
250 15646571 0
251 15689240 0
252 15785215 0
253 15827888 0
254 15881218 0
255 15966571 0
256 16019891 0
257 16062566 0
258 16158533 0
259 16201224 0
260 16254542 0
261 16339881 0
262 16393229 0
263 16435892 0
264 16531859 0
265 16574539 0
266 16617208 0
267 16713214 0
268 16755880 0
269 16809223 0
270 16905181 0
271 16947860 0
272 17043885 0
273 17086539 0
274 17129221 0
275 17225220 0
276 17267839 0
277 17321185 0
278 17406541 0
279 17459869 0
280 17502524 0
281 17598537 0
282 17641173 0
283 17694513 0
284 17779857 0
285 17833185 0
286 17875858 200
287 18080308 0
288 18080623 0
289 18081004 0
290 18153183 0
291 18195849 0
292 18249165 0
293 18334531 0
294 18387828 0
295 18430494 0
296 18526512 0
297 18569167 0
298 18665168 0
299 18707858 0
300 18761132 0
301 18846482 0
302 18899844 0
303 18942492 0
304 19038491 0
305 19081167 0
306 19134469 0
307 19219805 0
308 19273156 0
309 19315828 0
310 19411812 0
311 19454500 0
312 19497121 0
313 19593138 0
314 19635815 0
315 19689146 0
316 19774481 0
317 19827824 0
318 19870447 0
319 19966473 0
320 20009138 0
321 20062468 0
322 20147800 0
323 20201151 0
324 20286443 0
325 20339789 0
326 20382461 0
327 20478457 200
328 20680332 0
329 20680612 0
330 20680928 0
331 20713128 0
332 20755784 0
333 20851791 0
334 20894453 0
335 20937135 0
336 21033097 0
337 21075783 0
338 21129110 0
339 21214445 0
340 21267777 0
341 21310460 0
342 21406424 0
343 21449116 0
344 21502434 0
345 21587772 0
346 21641118 0
347 21683786 0
348 21779753 0
349 21822433 0
350 21865104 0
351 21961097 0
352 22003746 0
353 22099778 0
354 22142412 0
355 22195745 0
356 22291765 0
357 22334413 0
358 22377074 0
359 22473116 0
360 22515733 0
361 22569069 0
362 22654412 0
363 22707746 0
364 22750403 0
365 22846422 0
366 22889070 0
367 22942395 0
368 23027733 200
369 23230317 0
370 23230648 0
371 23230924 0
372 23262388 0
373 23305074 0
374 23401059 0
375 23443725 0
376 23497050 0
377 23582413 0
378 23635696 0
379 23731739 0
380 23774384 0
381 23817043 0
382 23913060 0
383 23955752 0
384 24009023 0
385 24094376 0
386 24147720 0
387 24190372 0
388 24286381 0
389 24329064 0
390 24371691 0
391 24467705 0
392 24521035 0
393 24563708 0
394 24659704 0
395 24702397 0
396 24745013 0
397 24841031 0
398 24883694 0
399 24937021 0
400 25022375 0
401 25075717 0
402 25118331 0
403 25214372 0
404 25257011 0
405 25353017 0
406 25395689 0
407 25449048 0
408 25534332 0
409 25587682 200
410 25790314 0
411 25790636 0
412 25790963 0
413 25811704 0
414 25907655 0
415 25961002 0
416 26003659 0
417 26099679 0
418 26142343 0
419 26185025 0
420 26280996 0
421 26323657 0
422 26376987 0
423 26462331 0
424 26515666 0
425 26558346 0
426 26654306 0
427 26696994 0
428 26750359 0
429 26835669 0
430 26889001 0
431 26931678 0
432 27027627 0
433 27070306 0
434 27166322 0
435 27208991 0
436 27251659 0
437 27347667 0
438 27390292 0
439 27443631 0
440 27539640 0
441 27582312 0
442 27624964 0
443 27721012 0
444 27763625 0
445 27816954 0
446 27902295 0
447 27955646 0
448 27998287 0
449 28094313 0
450 28136958 200
451 28340463 0
452 28340850 0
453 28341270 0
454 28371620 0
455 28467636 0
456 28510261 0
457 28552952 0
458 28648943 0
459 28691605 0
460 28787627 0
461 28830299 0
462 28883584 0
463 28968945 0
464 29022274 0
465 29064928 0
466 29160933 0
467 29203639 0
468 29256907 0
469 29342263 0
470 29395607 0
471 29438257 0
472 29534260 0
473 29576954 0
474 29619573 0
475 29715588 0
476 29768921 0
477 29811596 0
478 29907580 0
479 29950281 0
480 29992890 0
481 30088919 0
482 30131579 0
483 30184909 0
484 30270258 0
485 30323600 0
486 30408889 0
487 30462243 0
488 30504900 0
489 30600908 0
490 30643575 0
491 30696936 200
492 30900315 0
493 30900706 0
494 30900993 0
495 30974238 0
496 31016903 0
497 31059574 0
498 31155548 0
499 31198229 0
500 31251557 0
501 31347570 0
502 31390225 0
503 31432901 0
504 31528870 0
505 31571552 0
506 31624882 0
507 31710237 0
508 31763555 0
509 31806225 0
510 31902189 0
511 31944872 0
512 31987522 0
513 32083539 0
514 32136882 0
515 32222222 0
516 32275514 0
517 32318191 0
518 32414202 0
519 32456872 0
520 32499530 0
521 32595556 0
522 32638171 0
523 32691518 0
524 32776872 0
525 32830198 0
526 32872859 0
527 32968883 0
528 33011503 0
529 33064838 0
530 33150183 0
531 33203533 0
532 33246184 200
533 33450313 0
534 33450631 0
535 33451014 0
536 33523508 0
537 33576842 0
538 33619506 0
539 33715530 0
540 33758141 0
541 33854187 0
542 33896842 0
543 33939501 0
544 34035499 0
545 34078183 0
546 34131472 0
547 34216830 0
548 34270180 0
549 34312824 0
550 34408821 0
551 34451512 0
552 34504793 0
553 34590172 0
554 34643504 0
555 34686152 0
556 34782151 0
557 34824824 0
558 34867463 0
559 34963480 0
560 35006149 0
561 35059473 0
562 35155484 0
563 35198156 0
564 35240778 0
565 35336818 0
566 35379467 0
567 35475466 0
568 35518133 0
569 35571474 0
570 35656773 0
571 35710159 0
572 35752792 0
573 35848799 200
574 36050335 0
575 36050621 0
576 36050931 0
577 36083457 0
578 36126128 0
579 36222119 0
580 36264782 0
581 36307461 0
582 36403429 0
583 36446117 0
584 36499438 0
585 36584780 0
586 36638108 0
587 36680787 0
588 36776757 0
589 36819444 0
590 36872772 0
591 36958111 0
592 37011422 0
593 37096783 0
594 37150085 0
595 37192761 0
596 37288758 0
597 37331453 0
598 37384761 0
599 37470112 0
600 37523398 0
601 37566078 0
602 37662090 0
603 37704751 0
604 37747407 0
605 37843447 0
606 37886062 0
607 37939405 0
608 38024758 0
609 38078072 0
610 38120736 0
611 38216775 0
612 38259382 0
613 38312731 0
614 38398067 200
615 38600307 0
616 38600648 0
617 38600928 0
618 38632733 0
619 38675398 0
620 38771395 0
621 38814056 0
622 38910090 0
623 38963417 0
624 39006027 0
625 39102069 0
626 39144715 0
627 39187382 0
628 39283397 0
629 39326076 0
630 39379352 0
631 39464707 0
632 39518053 0
633 39560703 0
634 39656712 0
635 39699416 0
636 39752682 0
637 39838037 0
638 39891381 0
639 39934026 0
640 40030059 0
641 40072724 0
642 40115344 0
643 40211361 0
644 40254026 0
645 40307355 0
646 40392705 0
647 40446048 0
648 40542016 0
649 40584693 0
650 40627345 0
651 40723356 0
652 40766034 0
653 40819372 0
654 40904683 0
655 40958025 200
656 41160302 0
657 41160637 0
658 41160963 0
659 41192697 0
660 41277990 0
661 41331334 0
662 41374004 0
663 41470024 0
664 41512675 0
665 41555356 0
666 41651316 0
667 41693994 0
668 41747320 0
669 41832670 0
670 41886002 0
671 41928686 0
672 42024650 0
673 42067311 0
674 42163320 0
675 42205999 0
676 42259315 0
677 42344671 0
678 42397973 0
679 42440643 0
680 42536648 0
681 42579309 0
682 42621984 0
683 42717996 0
684 42771298 0
685 42813961 0
686 42910002 0
687 42952639 0
688 42995294 0
689 43091323 0
690 43133952 0
691 43187290 0
692 43272636 0
693 43325960 0
694 43368621 0
695 43464669 0
696 43507276 200
697 43710352 0
698 43710639 0
699 43710953 0
700 43741948 0
701 43837971 0
702 43900001 0
703 43976617 0
704 44019273 0
705 44061937 0
706 44157953 0
707 44200634 0
708 44253915 0
709 44349946 0
710 44392606 0
711 44435269 0
712 44531283 0
713 44573961 0
714 44627243 0
715 44712596 0
716 44765935 0
717 44808594 0
718 44904606 0
719 44947297 0
720 45000564 0
721 45085921 0
722 45139248 0
723 45181925 0
724 45277927 0
725 45320611 0
726 45363232 0
727 45459247 0
728 45501908 0
729 45597921 0
730 45640587 0
731 45693932 0
732 45789894 0
733 45832569 0
734 45875227 0
735 45971250 0
736 46013915 0
737 46067257 200
738 46270300 0
739 46270681 0
740 46270967 0
741 46344573 0
742 46387234 0
743 46429915 0
744 46525873 0
745 46579227 0
746 46621900 0
747 46717896 0
748 46760561 0
749 46803230 0
750 46899204 0
751 46941891 0
752 46995220 0
753 47080564 0
754 47133879 0
755 47219227 0
756 47272528 0
757 47315200 0
758 47411220 0
759 47453901 0
760 47507208 0
761 47592566 0
762 47645847 0
763 47688535 0
764 47784535 0
765 47827204 0
766 47869866 0
767 47965899 0
768 48019175 0
769 48061850 0
770 48157854 0
771 48200532 0
772 48243192 0
773 48339216 0
774 48381835 0
775 48435179 0
776 48520530 0
777 48573855 0
778 48616515 200
779 48820290 0
780 48820612 0
781 48820997 0
782 48893841 0
783 48947184 0
784 49032506 0
785 49085857 0
786 49128476 0
787 49224511 0
788 49267177 0
789 49309837 0
790 49405838 0
791 49448512 0
792 49501805 0
793 49597843 0
794 49640499 0
795 49683159 0
796 49779155 0
797 49821837 0
798 49875123 0
799 49960493 0
800 50013833 0
801 50056484 0
802 50152480 0
803 50195171 0
804 50237784 0
805 50333814 0
806 50387146 0
807 50429820 0
808 50525808 0
809 50568481 0
810 50664456 0
811 50707138 0
812 50749801 0
813 50845815 0
814 50888461 0
815 50941816 0
816 51027119 0
817 51080468 0
818 51123124 0
819 51219121 200
820 51420337 0
821 51420615 0
822 51420925 0
823 51453802 0
824 51496451 0
825 51592454 0
826 51635110 0
827 51677803 0
828 51773759 0
829 51827119 0
830 51869790 0
831 51965782 0
832 52008440 0
833 52051115 0
834 52147087 0
835 52189760 0
836 52285786 0
837 52328435 0
838 52381759 0
839 52467117 0
840 52520418 0
841 52563086 0
842 52659091 0
843 52701769 0
844 52755080 0
845 52840444 0
846 52893734 0
847 52936421 0
848 53032429 0
849 53075081 0
850 53117741 0
851 53213777 0
852 53256393 0
853 53309736 0
854 53405745 0
855 53448405 0
856 53491066 0
857 53587099 0
858 53629715 0
859 53683062 0
860 53768416 200
861 53970313 0
862 53970641 0
863 53970933 0
864 54003042 0
865 54099062 0
866 54141724 0
867 54195060 0
868 54280398 0
869 54333745 0
870 54376361 0
871 54472393 0
872 54515050 0
873 54557712 0
874 54653729 0
875 54696407 0
876 54749688 0
877 54835059 0
878 54888373 0
879 54931039 0
880 55027053 0
881 55069737 0
882 55123014 0
883 55208367 0
884 55261707 0
885 55304364 0
886 55400374 0
887 55443067 0
888 55485668 0
889 55581694 0
890 55635020 0
891 55720368 0
892 55773697 0
893 55816377 0
894 55912347 0
895 55955024 0
896 55997681 0
897 56093693 0
898 56136357 0
899 56189704 0
900 56275013 0
901 56328349 200
902 56530297 0
903 56530617 0
904 56530959 0
905 56563029 0
906 56648318 0
907 56701675 0
908 56744329 0
909 56840337 0
910 56883007 0
911 56925698 0
912 57021648 0
913 57064326 0
914 57117664 0
915 57213664 0
916 57256319 0
917 57352360 0
918 57394974 0
919 57437646 0
920 57533669 0
921 57576324 0
922 57629645 0
923 57715004 0
924 57768312 0
925 57810971 0
926 57906979 0
927 57949641 0
928 58002979 0
929 58088331 0
930 58141627 0
931 58184307 0
932 58280307 0
933 58322965 0
934 58365629 0
935 58461664 0
936 58504289 0
937 58557624 0
938 58642969 0
939 58696293 0
940 58738952 0
941 58834987 0
942 58877612 200
943 59080376 0
944 59080666 0
945 59080981 0
946 59154963 0
947 59208310 0
948 59250932 0
949 59346947 0
950 59389608 0
951 59442946 0
952 59528283 0
953 59581637 0
954 59624248 0
955 59720280 0
956 59762938 0
957 59805600 0
958 59901612 0
959 59944296 0
# stall_ms 200  spacing 41  first_frames 2048
