sndslack: self -> 18: kr 0
sndslack: load thread started
# mode 2: isolated stalls
# frames 2756  ahead 6  rate 44100  channels 2  events 960
# k  wait_return_us  stall_ms_taken_after
0 0 0
1 100018 0
2 139995 0
3 239998 0
4 279999 0
5 319997 0
6 419996 0
7 459996 0
8 520010 0
9 599996 0
10 659996 0
11 700014 0
12 799994 0
13 839998 0
14 899995 0
15 979994 0
16 1040002 0
17 1079996 0
18 1180007 0
19 1219994 0
20 1259996 0
21 1360007 0
22 1399996 0
23 1439997 0
24 1539996 0
25 1579997 0
26 1639995 0
27 1719997 0
28 1759997 0
29 1859997 0
30 1899997 0
31 1959996 0
32 2039996 0
33 2099996 0
34 2140011 0
35 2228316 0
36 2270976 0
37 2313621 0
38 2409618 0
39 2462952 0
40 2505627 200
41 2710405 0
42 2710832 0
43 2711309 0
44 2782960 0
45 2825618 0
46 2878937 0
47 2964302 0
48 3017593 0
49 3060276 0
50 3156286 0
51 3198943 0
52 3252269 0
53 3337627 0
54 3390952 0
55 3476260 0
56 3529600 0
57 3572274 0
58 3668264 0
59 3710957 0
60 3753602 0
61 3849593 0
62 3902929 0
63 3945590 0
64 4041598 0
65 4084282 0
66 4126931 0
67 4222929 0
68 4265587 0
69 4318919 0
70 4404259 0
71 4457606 0
72 4500252 0
73 4596237 0
74 4638921 0
75 4692239 0
76 4777573 0
77 4830942 0
78 4873585 0
79 4969562 0
80 5012223 0
81 5108223 200
82 5310338 0
83 5310635 0
84 5310976 0
85 5332230 0
86 5385548 0
87 5481563 0
88 5524217 0
89 5566900 0
90 5662881 0
91 5705558 0
92 5758872 0
93 5844215 0
94 5897550 0
95 5940229 0
96 6036224 0
97 6078895 0
98 6121530 0
99 6217539 0
100 6270869 0
101 6313562 0
102 6409550 0
103 6452204 0
104 6494878 0
105 6590866 0
106 6633527 0
107 6686881 0
108 6772248 0
109 6825526 0
110 6910865 0
111 6964189 0
112 7006846 0
113 7102875 0
114 7145558 0
115 7198851 0
116 7284169 0
117 7337525 0
118 7380173 0
119 7476198 0
120 7518838 0
121 7561519 0
122 7657492 200
123 7860320 0
124 7860648 0
125 7860923 0
126 7892199 0
127 7934832 0
128 8030836 0
129 8073493 0
130 8126820 0
131 8212201 0
132 8265520 0
133 8308157 0
134 8404140 0
135 8446814 0
136 8542818 0
137 8585515 0
138 8638835 0
139 8724146 0
140 8777478 0
141 8820170 0
142 8916141 0
143 8958844 0
144 9001487 0
145 9097480 0
146 9140156 0
147 9193465 0
148 9289480 0
149 9332170 0
150 9374817 0
151 9470814 0
152 9513465 0
153 9566792 0
154 9652134 0
155 9705491 0
156 9748139 0
157 9844122 0
158 9886798 0
159 9929451 0
160 10025455 0
161 10078813 0
162 10164135 0
163 10217456 200
164 10420301 0
165 10420620 0
166 10420949 0
167 10441465 0
168 10537467 0
169 10580122 0
170 10633432 0
171 10718782 0
172 10772106 0
173 10814793 0
174 10910809 0
175 10953432 0
176 11006757 0
177 11092097 0
178 11145435 0
179 11188110 0
180 11284090 0
181 11326769 0
182 11369419 0
183 11465435 0
184 11518748 0
185 11561446 0
186 11657437 0
187 11700099 0
188 11742756 0
189 11838761 0
190 11881408 0
191 11977448 0
192 12020111 0
193 12073405 0
194 12158741 0
195 12212090 0
196 12254741 0
197 12350753 0
198 12393415 0
199 12446725 0
200 12532065 0
201 12585419 0
202 12628066 0
203 12724094 0
204 12766755 200
205 12970352 0
206 12970634 0
207 12970946 0
208 13001404 0
209 13097404 0
210 13140089 0
211 13199999 0
212 13278733 0
213 13321393 0
214 13374721 0
215 13460107 0
216 13513390 0
217 13598709 0
218 13652058 0
219 13694702 0
220 13790706 0
221 13833405 0
222 13886725 0
223 13972035 0
224 14025372 0
225 14068037 0
226 14164026 0
227 14206727 0
228 14249376 0
229 14345346 0
230 14388036 0
231 14441353 0
232 14526691 0
233 14580074 0
234 14622699 0
235 14718688 0
236 14761357 0
237 14814681 0
238 14900055 0
239 14953377 0
240 14996022 0
241 15091987 0
242 15134679 0
243 15230649 0
244 15273341 0
245 15326713 200
246 15530324 0
247 15530699 0
248 15530980 0
249 15603999 0
250 15646672 0
251 15689347 0
252 15785290 0
253 15827990 0
254 15881319 0
255 15966678 0
256 16020015 0
257 16062674 0
258 16158681 0
259 16201316 0
260 16254645 0
261 16340005 0
262 16393332 0
263 16435996 0
264 16531994 0
265 16574655 0
266 16617301 0
267 16713312 0
268 16755982 0
269 16809336 0
270 16905322 0
271 16947959 0
272 17043988 0
273 17086643 0
274 17129299 0
275 17225329 0
276 17267981 0
277 17321290 0
278 17406642 0
279 17459990 0
280 17502626 0
281 17598645 0
282 17641315 0
283 17694611 0
284 17779959 0
285 17833304 0
286 17875953 200
287 18080291 0
288 18080618 0
289 18080990 0
290 18153285 0
291 18195949 0
292 18249266 0
293 18334639 0
294 18387933 0
295 18430602 0
296 18526618 0
297 18569268 0
298 18665241 0
299 18707937 0
300 18761279 0
301 18846582 0
302 18899946 0
303 18942597 0
304 19038590 0
305 19081276 0
306 19134613 0
307 19219910 0
308 19273258 0
309 19315929 0
310 19411918 0
311 19454606 0
312 19497259 0
313 19593241 0
314 19635919 0
315 19689247 0
316 19774587 0
317 19827931 0
318 19870589 0
319 19966580 0
320 20009243 0
321 20062574 0
322 20147910 0
323 20201256 0
324 20286583 0
325 20339895 0
326 20382564 0
327 20478542 200
328 20680368 0
329 20680648 0
330 20680980 0
331 20713226 0
332 20755885 0
333 20851867 0
334 20894556 0
335 20937243 0
336 21033203 0
337 21075889 0
338 21129213 0
339 21214552 0
340 21267882 0
341 21310575 0
342 21406580 0
343 21449216 0
344 21502543 0
345 21587872 0
346 21641217 0
347 21683892 0
348 21779864 0
349 21822552 0
350 21865199 0
351 21961174 0
352 22003848 0
353 22099885 0
354 22153216 0
355 22195847 0
356 22291843 0
357 22334512 0
358 22377175 0
359 22473228 0
360 22515876 0
361 22569170 0
362 22654511 0
363 22707855 0
364 22750503 0
365 22846530 0
366 22889212 0
367 22942497 0
368 23027834 200
369 23230342 0
370 23230676 0
371 23230953 0
372 23262527 0
373 23305177 0
374 23401168 0
375 23443825 0
376 23497155 0
377 23582521 0
378 23635835 0
379 23731837 0
380 23774482 0
381 23817146 0
382 23913157 0
383 23955862 0
384 24009161 0
385 24094478 0
386 24147820 0
387 24190473 0
388 24286483 0
389 24329180 0
390 24371829 0
391 24467807 0
392 24521137 0
393 24563804 0
394 24659807 0
395 24702500 0
396 24745144 0
397 24841135 0
398 24883796 0
399 24937123 0
400 25022476 0
401 25075826 0
402 25118472 0
403 25214473 0
404 25257115 0
405 25353097 0
406 25395804 0
407 25449147 0
408 25534480 0
409 25587789 200
410 25790313 0
411 25790636 0
412 25790964 0
413 25811823 0
414 25907773 0
415 25961101 0
416 26003762 0
417 26099754 0
418 26142440 0
419 26185132 0
420 26281099 0
421 26323759 0
422 26377091 0
423 26462435 0
424 26515773 0
425 26558455 0
426 26654440 0
427 26697083 0
428 26750415 0
429 26835763 0
430 26889105 0
431 26931783 0
432 27027782 0
433 27070856 0
434 27166416 0
435 27209092 0
436 27251739 0
437 27347768 0
438 27390435 0
439 27443736 0
440 27539722 0
441 27582408 0
442 27625074 0
443 27721117 0
444 27763763 0
445 27817058 0
446 27902394 0
447 27955748 0
448 27998397 0
449 28094424 0
450 28137096 200
451 28340373 0
452 28340654 0
453 28340962 0
454 28371725 0
455 28467749 0
456 28510448 0
457 28553051 0
458 28649051 0
459 28691709 0
460 28787729 0
461 28830410 0
462 28883720 0
463 28969049 0
464 29022371 0
465 29065033 0
466 29161034 0
467 29203745 0
468 29257047 0
469 29342367 0
470 29395705 0
471 29438357 0
472 29534344 0
473 29577031 0
474 29619716 0
475 29715693 0
476 29769022 0
477 29811695 0
478 29907680 0
479 29950390 0
480 29993031 0
481 30089025 0
482 30131679 0
483 30185009 0
484 30270326 0
485 30323679 0
486 30409029 0
487 30462348 0
488 30505002 0
489 30600983 0
490 30643692 0
491 30697032 200
492 30900316 0
493 30900688 0
494 30900974 0
495 30974345 0
496 31017006 0
497 31059681 0
498 31155650 0
499 31198334 0
500 31251663 0
501 31347673 0
502 31390330 0
503 31433005 0
504 31529012 0
505 31571662 0
506 31624987 0
507 31710338 0
508 31763653 0
509 31806332 0
510 31902322 0
511 31944964 0
512 31987626 0
513 32083620 0
514 32136988 0
515 32222327 0
516 32275653 0
517 32318294 0
518 32414278 0
519 32456969 0
520 32499636 0
521 32595639 0
522 32638290 0
523 32691621 0
524 32776974 0
525 32830297 0
526 32872957 0
527 32968989 0
528 33011637 0
529 33064944 0
530 33150281 0
531 33203636 0
532 33246286 200
533 33450293 0
534 33450623 0
535 33451001 0
536 33523616 0
537 33576951 0
538 33619610 0
539 33715631 0
540 33758247 0
541 33854287 0
542 33896944 0
543 33939608 0
544 34035579 0
545 34078263 0
546 34131613 0
547 34216945 0
548 34270271 0
549 34312927 0
550 34408921 0
551 34451622 0
552 34504934 0
553 34590241 0
554 34643606 0
555 34686254 0
556 34782224 0
557 34824908 0
558 34867608 0
559 34963560 0
560 35006250 0
561 35059592 0
562 35155575 0
563 35198265 0
564 35240920 0
565 35336918 0
566 35379574 0
567 35475566 0
568 35518228 0
569 35571589 0
570 35656910 0
571 35710243 0
572 35752895 0
573 35848894 200
574 36050353 0
575 36050633 0
576 36050958 0
577 36083558 0
578 36126234 0
579 36222223 0
580 36264882 0
581 36307567 0
582 36403535 0
583 36446221 0
584 36499545 0
585 36584886 0
586 36638208 0
587 36680896 0
588 36776901 0
589 36819546 0
590 36872875 0
591 36958213 0
592 37011529 0
593 37096909 0
594 37160014 0
595 37192855 0
596 37288863 0
597 37331532 0
598 37384863 0
599 37470212 0
600 37523542 0
601 37566183 0
602 37662167 0
603 37704849 0
604 37747511 0
605 37843549 0
606 37886197 0
607 37939507 0
608 38024862 0
609 38078181 0
610 38120840 0
611 38216876 0
612 38259522 0
613 38312832 0
614 38398170 200
615 38600310 0
616 38600637 0
617 38600928 0
618 38632878 0
619 38675499 0
620 38771498 0
621 38814155 0
622 38910174 0
623 38963526 0
624 39006171 0
625 39102136 0
626 39144816 0
627 39187487 0
628 39283501 0
629 39326189 0
630 39379494 0
631 39464829 0
632 39518140 0
633 39560808 0
634 39656822 0
635 39699519 0
636 39752821 0
637 39838136 0
638 39891482 0
639 39934131 0
640 40030155 0
641 40072833 0
642 40115489 0
643 40211465 0
644 40254125 0
645 40307468 0
646 40392803 0
647 40446158 0
648 40542161 0
649 40584798 0
650 40627448 0
651 40723447 0
652 40766121 0
653 40819476 0
654 40904808 0
655 40958132 200
656 41160301 0
657 41160637 0
658 41160965 0
659 41192810 0
660 41278129 0
661 41331437 0
662 41374107 0
663 41470107 0
664 41512776 0
665 41555465 0
666 41651439 0
667 41694094 0
668 41747427 0
669 41832778 0
670 41886103 0
671 41928792 0
672 42024783 0
673 42067416 0
674 42163398 0
675 42206103 0
676 42259415 0
677 42344772 0
678 42398115 0
679 42440751 0
680 42536748 0
681 42579413 0
682 42622081 0
683 42718083 0
684 42771411 0
685 42814066 0
686 42910100 0
687 42952739 0
688 42995396 0
689 43091407 0
690 43134069 0
691 43187393 0
692 43272738 0
693 43326064 0
694 43368725 0
695 43464774 0
696 43507420 200
697 43710361 0
698 43710649 0
699 43710964 0
700 43742056 0
701 43838077 0
702 43880741 0
703 43976717 0
704 44019380 0
705 44062043 0
706 44158062 0
707 44211410 0
708 44254056 0
709 44350067 0
710 44392708 0
711 44435370 0
712 44531389 0
713 44574065 0
714 44627383 0
715 44712689 0
716 44766030 0
717 44808692 0
718 44904701 0
719 44947407 0
720 45000711 0
721 45086024 0
722 45139368 0
723 45182021 0
724 45278029 0
725 45320720 0
726 45363377 0
727 45459351 0
728 45502007 0
729 45598025 0
730 45640690 0
731 45694044 0
732 45790041 0
733 45832670 0
734 45875333 0
735 45971327 0
736 46014012 0
737 46067365 200
738 46270310 0
739 46270688 0
740 46270976 0
741 46344677 0
742 46387339 0
743 46450010 0
744 46525976 0
745 46579335 0
746 46622006 0
747 46717979 0
748 46760660 0
749 46803334 0
750 46899325 0
751 46941989 0
752 46995321 0
753 47080671 0
754 47133987 0
755 47219339 0
756 47272673 0
757 47315303 0
758 47411306 0
759 47453995 0
760 47507311 0
761 47592657 0
762 47645992 0
763 47688636 0
764 47784613 0
765 47827304 0
766 47870016 0
767 47965987 0
768 48019315 0
769 48061953 0
770 48157964 0
771 48200636 0
772 48243294 0
773 48339318 0
774 48381970 0
775 48435282 0
776 48520636 0
777 48573960 0
778 48616623 200
779 48820305 0
780 48820636 0
781 48821013 0
782 48893944 0
783 48947287 0
784 49032608 0
785 49085962 0
786 49128594 0
787 49224581 0
788 49267275 0
789 49309937 0
790 49405942 0
791 49448619 0
792 49501943 0
793 49597913 0
794 49640602 0
795 49683268 0
796 49779242 0
797 49821918 0
798 49875269 0
799 49960858 0
800 50013931 0
801 50056587 0
802 50152584 0
803 50195284 0
804 50237927 0
805 50333892 0
806 50387266 0
807 50429916 0
808 50525907 0
809 50568590 0
810 50664599 0
811 50707247 0
812 50749909 0
813 50845880 0
814 50888557 0
815 50941919 0
816 51027255 0
817 51080573 0
818 51123228 0
819 51219225 200
820 51420334 0
821 51420618 0
822 51420941 0
823 51453905 0
824 51496554 0
825 51592553 0
826 51635214 0
827 51677912 0
828 51773846 0
829 51827216 0
830 51869888 0
831 51965879 0
832 52008538 0
833 52051227 0
834 52147232 0
835 52189865 0
836 52285885 0
837 52328539 0
838 52381860 0
839 52467221 0
840 52520560 0
841 52563188 0
842 52659196 0
843 52701871 0
844 52755189 0
845 52840542 0
846 52893869 0
847 52936524 0
848 53032522 0
849 53075184 0
850 53117856 0
851 53213847 0
852 53256509 0
853 53309838 0
854 53405850 0
855 53448510 0
856 53491166 0
857 53587207 0
858 53629858 0
859 53683166 0
860 53768496 200
861 53970307 0
862 53970636 0
863 53970913 0
864 54003177 0
865 54099164 0
866 54141828 0
867 54195169 0
868 54280502 0
869 54333858 0
870 54376519 0
871 54472486 0
872 54515153 0
873 54557813 0
874 54653807 0
875 54696487 0
876 54749828 0
877 54835153 0
878 54888475 0
879 54931139 0
880 55027157 0
881 55069840 0
882 55123154 0
883 55208468 0
884 55261813 0
885 55304465 0
886 55400450 0
887 55443154 0
888 55485812 0
889 55581797 0
890 55635134 0
891 55720466 0
892 55773801 0
893 55816493 0
894 55912462 0
895 55955125 0
896 55997780 0
897 56093793 0
898 56136457 0
899 56189812 0
900 56275153 0
901 56328455 200
902 56530293 0
903 56530616 0
904 56530951 0
905 56563144 0
906 56648461 0
907 56701782 0
908 56744432 0
909 56840421 0
910 56883107 0
911 56925808 0
912 57021784 0
913 57064429 0
914 57117771 0
915 57213742 0
916 57256417 0
917 57352444 0
918 57395095 0
919 57437754 0
920 57533762 0
921 57576421 0
922 57629744 0
923 57715105 0
924 57768455 0
925 57811083 0
926 57907084 0
927 57949758 0
928 58003072 0
929 58088436 0
930 58141767 0
931 58184412 0
932 58280408 0
933 58323070 0
934 58365743 0
935 58461739 0
936 58504404 0
937 58557725 0
938 58643074 0
939 58696396 0
940 58739056 0
941 58835076 0
942 58877726 200
943 59080363 0
944 59080649 0
945 59080964 0
946 59155062 0
947 59208432 0
948 59251069 0
949 59347052 0
950 59389713 0
951 59443051 0
952 59528385 0
953 59581738 0
954 59624404 0
955 59720378 0
956 59763042 0
957 59805699 0
958 59901689 0
959 59944374 0
# stall_ms 200  spacing 41  first_frames 2048
