sndslack: self -> 18: kr 0
sndslack: load thread started
# mode 2: isolated stalls
# frames 2756  ahead 6  rate 44100  channels 2  events 948
# k  wait_return_us  stall_ms_taken_after
0 0 0
1 100012 0
2 140012 0
3 240001 0
4 280000 0
5 320008 0
6 420000 0
7 460001 0
8 520001 0
9 600002 0
10 660000 0
11 700002 0
12 799999 0
13 840002 0
14 900000 0
15 979999 0
16 1040000 0
17 1080000 0
18 1180000 0
19 1220000 0
20 1259999 0
21 1360000 0
22 1400000 0
23 1440001 0
24 1540000 0
25 1580004 0
26 1640000 0
27 1716207 0
28 1758857 0
29 1854877 0
30 1897512 0
31 1950848 0
32 2036195 0
33 2089521 0
34 2132182 0
35 2228224 0
36 2270865 0
37 2313505 0
38 2409516 0
39 2462854 0
40 2505506 280
41 2790301 0
42 2790631 0
43 2791006 0
44 2791290 0
45 2825490 0
46 2921504 0
47 2964187 0
48 3060161 0
49 3102842 0
50 3156166 0
51 3252167 0
52 3294834 0
53 3337511 0
54 3433516 0
55 3476177 0
56 3529491 0
57 3614830 0
58 3668153 0
59 3710851 0
60 3806840 0
61 3849486 0
62 3902828 0
63 3988146 0
64 4041478 0
65 4084156 0
66 4180190 0
67 4222819 0
68 4265471 0
69 4361481 0
70 4404134 0
71 4457491 0
72 4542829 0
73 4596125 0
74 4692119 0
75 4734825 0
76 4777457 0
77 4873484 0
78 4916140 0
79 4969459 0
80 5054794 0
81 5108130 280
82 5390346 0
83 5390647 0
84 5390974 0
85 5391349 0
86 5428099 0
87 5524114 0
88 5566777 0
89 5662808 0
90 5705422 0
91 5758770 0
92 5844113 0
93 5897434 0
94 5940105 0
95 6036135 0
96 6078786 0
97 6121428 0
98 6217448 0
99 6270765 0
100 6313421 0
101 6409453 0
102 6452118 0
103 6494753 0
104 6590756 0
105 6633432 0
106 6686748 0
107 6772094 0
108 6825408 0
109 6868087 0
110 6964082 0
111 7006747 0
112 7060099 0
113 7145436 0
114 7198754 0
115 7284069 0
116 7337411 0
117 7380088 0
118 7476078 0
119 7518754 0
120 7561408 0
121 7657413 0
122 7710750 280
123 8000321 0
124 8000653 0
125 8000930 0
126 8001256 0
127 8030710 0
128 8126733 0
129 8169384 0
130 8265370 0
131 8308073 0
132 8350692 0
133 8446720 0
134 8500065 0
135 8542719 0
136 8638718 0
137 8681407 0
138 8724072 0
139 8820066 0
140 8862706 0
141 8916033 0
142 9001380 0
143 9054733 0
144 9097380 0
145 9193359 0
146 9236024 0
147 9289360 0
148 9374705 0
149 9428061 0
150 9470704 0
151 9566714 0
152 9609356 0
153 9652015 0
154 9748002 0
155 9790694 0
156 9886707 0
157 9929360 0
158 9982689 0
159 10078682 0
160 10121347 0
161 10164028 0
162 10260053 0
163 10302687 280
164 10590295 0
165 10590633 0
166 10590965 0
167 10591249 0
168 10633349 0
169 10718669 0
170 10771993 0
171 10868004 0
172 10910661 0
173 10953350 0
174 11049365 0
175 11091988 0
176 11145315 0
177 11230636 0
178 11283997 0
179 11326676 0
180 11422677 0
181 11465327 0
182 11518639 0
183 11603982 0
184 11657310 0
185 11700043 0
186 11795980 0
187 11838636 0
188 11881312 0
189 11977315 0
190 12019971 0
191 12073324 0
192 12158662 0
193 12211968 0
194 12254622 0
195 12350646 0
196 12393291 0
197 12489326 0
198 12532000 0
199 12585283 0
200 12670626 0
201 12723966 0
202 12766616 0
203 12862651 0
204 12905312 280
205 13190352 0
206 13190637 0
207 13190952 0
208 13191278 0
209 13235958 0
210 13321268 0
211 13374610 0
212 13459941 0
213 13513284 0
214 13555945 0
215 13651957 0
216 13694623 0
217 13737262 0
218 13833251 0
219 13886606 0
220 13929271 0
221 14025295 0
222 14067947 0
223 14110585 0
224 14206599 0
225 14249265 0
226 14302593 0
227 14387952 0
228 14441278 0
229 14483909 0
230 14579919 0
231 14622602 0
232 14675918 0
233 14761279 0
234 14814618 0
235 14857236 0
236 14953244 0
237 14995901 0
238 15091914 0
239 15134602 0
240 15177252 0
241 15273241 0
242 15326561 0
243 15369229 0
244 15465250 0
245 15507930 280
246 15790415 0
247 15790838 0
248 15791125 0
249 15791442 0
250 15827875 0
251 15923893 0
252 15966526 0
253 16062553 0
254 16115890 0
255 16158545 0
256 16254551 0
257 16297244 0
258 16339890 0
259 16435878 0
260 16478538 0
261 16531882 0
262 16617209 0
263 16670559 0
264 16713226 0
265 16809184 0
266 16851860 0
267 16905193 0
268 16990518 0
269 17043861 0
270 17086542 0
271 17182536 0
272 17225191 0
273 17267854 0
274 17363877 0
275 17406546 0
276 17459870 0
277 17545197 0
278 17598510 0
279 17694527 0
280 17737190 0
281 17779883 0
282 17875847 0
283 17918504 0
284 17971847 0
285 18057184 0
286 18110519 280
287 18400301 0
288 18400638 0
289 18401015 0
290 18401300 0
291 18430487 0
292 18526497 0
293 18569184 0
294 18665154 0
295 18707823 0
296 18761155 0
297 18846506 0
298 18899821 0
299 18942507 0
300 19038513 0
301 19081150 0
302 19134477 0
303 19219816 0
304 19273159 0
305 19315831 0
306 19411809 0
307 19454485 0
308 19497133 0
309 19593119 0
310 19635800 0
311 19689169 0
312 19774473 0
313 19827805 0
314 19870484 0
315 19966472 0
316 20009130 0
317 20062494 0
318 20147821 0
319 20201121 0
320 20286478 0
321 20339803 0
322 20382452 0
323 20478477 0
324 20521150 0
325 20563779 0
326 20659785 0
327 20713135 280
328 21000340 0
329 21000623 0
330 21000961 0
331 21001346 0
332 21033096 0
333 21129122 0
334 21171766 0
335 21267772 0
336 21310389 0
337 21353107 0
338 21449081 0
339 21502432 0
340 21545103 0
341 21641126 0
342 21683781 0
343 21726420 0
344 21822434 0
345 21865095 0
346 21918418 0
347 22003786 0
348 22057107 0
349 22099750 0
350 22195768 0
351 22238418 0
352 22291741 0
353 22377119 0
354 22430431 0
355 22473073 0
356 22569077 0
357 22611751 0
358 22654404 0
359 22750410 0
360 22793073 0
361 22889057 0
362 22942409 0
363 22985063 0
364 23081074 0
365 23123754 0
366 23166408 0
367 23262383 0
368 23305064 280
369 23590307 0
370 23590637 0
371 23590921 0
372 23591249 0
373 23635716 0
374 23731713 0
375 23774378 0
376 23870384 0
377 23913055 0
378 23955688 0
379 24051710 0
380 24094371 0
381 24147701 0
382 24233046 0
383 24286417 0
384 24329051 0
385 24425038 0
386 24467698 0
387 24521041 0
388 24606370 0
389 24659732 0
390 24702394 0
391 24798364 0
392 24841035 0
393 24883690 0
394 24979700 0
395 25022392 0
396 25075705 0
397 25161026 0
398 25214352 0
399 25257011 0
400 25353025 0
401 25395699 0
402 25491704 0
403 25534364 0
404 25587676 0
405 25673016 0
406 25726341 0
407 25769035 0
408 25865006 0
409 25907678 280
410 26190301 0
411 26190616 0
412 26190943 0
413 26191227 0
414 26238335 0
415 26323658 0
416 26376997 0
417 26462327 0
418 26515657 0
419 26558343 0
420 26654352 0
421 26696987 0
422 26750312 0
423 26835664 0
424 26888985 0
425 26931669 0
426 27027686 0
427 27070311 0
428 27112972 0
429 27208987 0
430 27251641 0
431 27304992 0
432 27390332 0
433 27443645 0
434 27486295 0
435 27582309 0
436 27624980 0
437 27678317 0
438 27763654 0
439 27816961 0
440 27859629 0
441 27955617 0
442 27998283 0
443 28094328 0
444 28136990 0
445 28179614 0
446 28275629 0
447 28328950 0
448 28371613 0
449 28467662 0
450 28510311 280
451 28800358 0
452 28800642 0
453 28800954 0
454 28801286 0
455 28830286 0
456 28926256 0
457 28968926 0
458 29064939 0
459 29118294 0
460 29160930 0
461 29256958 0
462 29299616 0
463 29342268 0
464 29438263 0
465 29480934 0
466 29534274 0
467 29619619 0
468 29672942 0
469 29715581 0
470 29811587 0
471 29854262 0
472 29907586 0
473 29992946 0
474 30046265 0
475 30088907 0
476 30184920 0
477 30227584 0
478 30270247 0
479 30366287 0
480 30408925 0
481 30462230 0
482 30558237 0
483 30600907 0
484 30696905 0
485 30739599 0
486 30782257 0
487 30878234 0
488 30920899 0
489 30974227 0
490 31059569 0
491 31112926 280
492 31400427 0
493 31400913 0
494 31401300 0
495 31401717 0
496 31432878 0
497 31528882 0
498 31571520 0
499 31667555 0
500 31710213 0
501 31763541 0
502 31848896 0
503 31902232 0
504 31944887 0
505 32040856 0
506 32083535 0
507 32136863 0
508 32222206 0
509 32275566 0
510 32318207 0
511 32414176 0
512 32456875 0
513 32499527 0
514 32595529 0
515 32638217 0
516 32691549 0
517 32776857 0
518 32830188 0
519 32872862 0
520 32968839 0
521 33011517 0
522 33064862 0
523 33150192 0
524 33203510 0
525 33288853 0
526 33342195 0
527 33384863 0
528 33480841 0
529 33523515 0
530 33576830 0
531 33662180 0
532 33715525 280
533 34000301 0
534 34000641 0
535 34001016 0
536 34001303 0
537 34035483 0
538 34131502 0
539 34174174 0
540 34270150 0
541 34312822 0
542 34366158 0
543 34451490 0
544 34504816 0
545 34547499 0
546 34643508 0
547 34686144 0
548 34728806 0
549 34824821 0
550 34867477 0
551 34920833 0
552 35006145 0
553 35059466 0
554 35102133 0
555 35198155 0
556 35240803 0
557 35294152 0
558 35379485 0
559 35432818 0
560 35475467 0
561 35571451 0
562 35614138 0
563 35656818 0
564 35752813 0
565 35795450 0
566 35891462 0
567 35944805 0
568 35987446 0
569 36083457 0
570 36126107 0
571 36168775 0
572 36264795 0
573 36307454 280
574 36590334 0
575 36590622 0
576 36590951 0
577 36591327 0
578 36638087 0
579 36734111 0
580 36776765 0
581 36872795 0
582 36915410 0
583 36958095 0
584 37054075 0
585 37096768 0
586 37150105 0
587 37235453 0
588 37288788 0
589 37331418 0
590 37427427 0
591 37470122 0
592 37523420 0
593 37608780 0
594 37662101 0
595 37704759 0
596 37800749 0
597 37843418 0
598 37886071 0
599 37982091 0
600 38024732 0
601 38078066 0
602 38174083 0
603 38216736 0
604 38259396 0
605 38355438 0
606 38398082 0
607 38494094 0
608 38536736 0
609 38590087 0
610 38675398 0
611 38728745 0
612 38771419 0
613 38867402 0
614 38910083 280
615 39200315 0
616 39200645 0
617 39200931 0
618 39201262 0
619 39240702 0
620 39326044 0
621 39379374 0
622 39464722 0
623 39518081 0
624 39560682 0
625 39656713 0
626 39699371 0
627 39752700 0
628 39838042 0
629 39891401 0
630 39934047 0
631 40030539 0
632 40072699 0
633 40115354 0
634 40211363 0
635 40254072 0
636 40307372 0
637 40392694 0
638 40446031 0
639 40488681 0
640 40584690 0
641 40627379 0
642 40680706 0
643 40766020 0
644 40819347 0
645 40862019 0
646 40958014 0
647 41000703 0
648 41096715 0
649 41139347 0
650 41192666 0
651 41278015 0
652 41331334 0
653 41374020 0
654 41470043 0
655 41512686 280
656 41800297 0
657 41800641 0
658 41800972 0
659 41801255 0
660 41832665 0
661 41928666 0
662 41981981 0
663 42067305 0
664 42120665 0
665 42163338 0
666 42259339 0
667 42301982 0
668 42344650 0
669 42440652 0
670 42483310 0
671 42536679 0
672 42621999 0
673 42675307 0
674 42717962 0
675 42813983 0
676 42856637 0
677 42910007 0
678 42995332 0
679 43048636 0
680 43091297 0
681 43187308 0
682 43229959 0
683 43272646 0
684 43368645 0
685 43411302 0
686 43464619 0
687 43560635 0
688 43603292 0
689 43699314 0
690 43741981 0
691 43784610 0
692 43880626 0
693 43923278 0
694 43976606 0
695 44061985 0
696 44115307 280
697 44400354 0
698 44400638 0
699 44400946 0
700 44401272 0
701 44435291 0
702 44531265 0
703 44573924 0
704 44669939 0
705 44712609 0
706 44765925 0
707 44851297 0
708 44904607 0
709 44947251 0
710 45043262 0
711 45085942 0
712 45139259 0
713 45224613 0
714 45277947 0
715 45320576 0
716 45416585 0
717 45459257 0
718 45501929 0
719 45597937 0
720 45640596 0
721 45693912 0
722 45789909 0
723 45832583 0
724 45875241 0
725 45971266 0
726 46013923 0
727 46067228 0
728 46152547 0
729 46205889 0
730 46291230 0
731 46344605 0
732 46387241 0
733 46483228 0
734 46525900 0
735 46579216 0
736 46664556 0
737 46717916 280
738 47000337 0
739 47000715 0
740 47001009 0
741 47001329 0
742 47037864 0
743 47133862 0
744 47176503 0
745 47272522 0
746 47315202 0
747 47368547 0
748 47453874 0
749 47507227 0
750 47549883 0
751 47645878 0
752 47688528 0
753 47731196 0
754 47827178 0
755 47869859 0
756 47923208 0
757 48019200 0
758 48061857 0
759 48104520 0
760 48200530 0
761 48243187 0
762 48296530 0
763 48381852 0
764 48435189 0
765 48477844 0
766 48573852 0
767 48616562 0
768 48659200 0
769 48755180 0
770 48808501 0
771 48893857 0
772 48947180 0
773 48989856 0
774 49085866 0
775 49128503 0
776 49171160 0
777 49267185 0
778 49309839 280
779 49590314 0
780 49590648 0
781 49591028 0
782 49591308 0
783 49640495 0
784 49683163 0
785 49736505 0
786 49821803 0
787 49875152 0
788 49917820 0
789 50013820 0
790 50056482 0
791 50099182 0
792 50195141 0
793 50237814 0
794 50291145 0
795 50387153 0
796 50429799 0
797 50525835 0
798 50568491 0
799 50611129 0
800 50707134 0
801 50749824 0
802 50803127 0
803 50888490 0
804 50941825 0
805 50984453 0
806 51080440 0
807 51123130 0
808 51176463 0
809 51261820 0
810 51315135 0
811 51357789 0
812 51453780 0
813 51496456 0
814 51539108 0
815 51635121 0
816 51677772 0
817 51731108 0
818 51827117 0
819 51869780 280
820 52150430 0
821 52150762 0
822 52151094 0
823 52151472 0
824 52189748 0
825 52285773 0
826 52328424 0
827 52424432 0
828 52467048 0
829 52520423 0
830 52616446 0
831 52659090 0
832 52701752 0
833 52797781 0
834 52840448 0
835 52893746 0
836 52979085 0
837 53032430 0
838 53075076 0
839 53171093 0
840 53213740 0
841 53256412 0
842 53352387 0
843 53405740 0
844 53448405 0
845 53544415 0
846 53587064 0
847 53629730 0
848 53725744 0
849 53768402 0
850 53821729 0
851 53907099 0
852 53960409 0
853 54045736 0
854 54099081 0
855 54141727 0
856 54237704 0
857 54280386 0
858 54333747 0
859 54419060 0
860 54472392 280
861 54760326 0
862 54760662 0
863 54760943 0
864 54761268 0
865 54792361 0
866 54888356 0
867 54931047 0
868 55027042 0
869 55069733 0
870 55123013 0
871 55208356 0
872 55261698 0
873 55304362 0
874 55400351 0
875 55443033 0
876 55485710 0
877 55581709 0
878 55635023 0
879 55677689 0
880 55773697 0
881 55816386 0
882 55859031 0
883 55954996 0
884 55997692 0
885 56051013 0
886 56136353 0
887 56189731 0
888 56232362 0
889 56328346 0
890 56371007 0
891 56424344 0
892 56509674 0
893 56563024 0
894 56648366 0
895 56701678 0
896 56744329 0
897 56840342 0
898 56882996 0
899 56925681 0
900 57021677 0
901 57064333 280
902 57350314 0
903 57350636 0
904 57350959 0
905 57351243 0
906 57395009 0
907 57437652 0
908 57490989 0
909 57576321 0
910 57629649 0
911 57672346 0
912 57768332 0
913 57810978 0
914 57853638 0
915 57949656 0
916 58002975 0
917 58045659 0
918 58141666 0
919 58184299 0
920 58280322 0
921 58322977 0
922 58365628 0
923 58461662 0
924 58504339 0
925 58557621 0
926 58642968 0
927 58696318 0
928 58738962 0
929 58834993 0
930 58877649 0
931 58930958 0
932 59016289 0
933 59069619 0
934 59112292 0
935 59208299 0
936 59250954 0
937 59293607 0
938 59389621 0
939 59442942 0
940 59485601 0
941 59581649 0
942 59624302 280
943 59910347 0
944 59910634 0
945 59910948 0
946 59911278 0
947 59944279 0
# stall_ms 280  spacing 41  first_frames 2048
