sndslack: self -> 18: kr 0
sndslack: load thread started
# mode 2: isolated stalls
# frames 2756  ahead 6  rate 44100  channels 2  events 960
# k  wait_return_us  stall_ms_taken_after
0 0 0
1 99996 0
2 140010 0
3 239998 0
4 279998 0
5 320002 0
6 420014 0
7 459998 0
8 519998 0
9 600001 0
10 659997 0
11 699999 0
12 799998 0
13 839999 0
14 900008 0
15 979998 0
16 1039997 0
17 1079997 0
18 1179997 0
19 1220000 0
20 1259997 0
21 1359997 0
22 1399998 0
23 1440002 0
24 1539997 0
25 1579999 0
26 1639999 0
27 1719998 0
28 1760011 0
29 1860002 0
30 1899998 0
31 1959998 0
32 2036183 0
33 2089517 0
34 2132163 0
35 2228192 0
36 2270864 0
37 2313491 0
38 2409500 0
39 2462830 0
40 2505500 240
41 2750309 0
42 2750637 0
43 2751030 0
44 2782832 0
45 2825496 0
46 2878815 0
47 2964181 0
48 3017473 0
49 3060168 0
50 3156165 0
51 3198822 0
52 3252142 0
53 3337523 0
54 3390821 0
55 3476141 0
56 3529479 0
57 3572151 0
58 3668147 0
59 3710837 0
60 3753488 0
61 3849465 0
62 3902804 0
63 3945471 0
64 4041470 0
65 4084135 0
66 4126804 0
67 4222800 0
68 4265465 0
69 4318792 0
70 4404140 0
71 4457487 0
72 4500152 0
73 4596134 0
74 4638789 0
75 4692121 0
76 4777454 0
77 4830822 0
78 4873457 0
79 4969420 0
80 5012114 0
81 5108098 240
82 5350336 0
83 5350637 0
84 5350968 0
85 5351352 0
86 5385416 0
87 5481417 0
88 5524087 0
89 5630664 0
90 5662751 0
91 5705429 0
92 5801413 0
93 5844101 0
94 5897414 0
95 5982763 0
96 6036088 0
97 6078763 0
98 6174757 0
99 6217414 0
100 6270754 0
101 6356102 0
102 6409437 0
103 6452079 0
104 6548069 0
105 6590743 0
106 6633400 0
107 6729438 0
108 6772100 0
109 6825404 0
110 6910743 0
111 6964066 0
112 7006724 0
113 7102742 0
114 7145385 0
115 7241396 0
116 7284057 0
117 7337395 0
118 7422723 0
119 7476080 0
120 7518758 0
121 7614724 0
122 7657383 240
123 7900306 0
124 7900629 0
125 7900910 0
126 7901234 0
127 7988059 0
128 8030711 0
129 8073369 0
130 8169379 0
131 8212057 0
132 8265344 0
133 8350703 0
134 8404044 0
135 8446695 0
136 8542675 0
137 8585373 0
138 8638710 0
139 8724026 0
140 8777355 0
141 8862701 0
142 8916020 0
143 8958707 0
144 9054700 0
145 9097354 0
146 9140033 0
147 9236025 0
148 9289345 0
149 9332031 0
150 9428049 0
151 9470683 0
152 9513336 0
153 9609346 0
154 9652013 0
155 9705357 0
156 9790697 0
157 9844021 0
158 9886661 0
159 9982670 0
160 10025329 0
161 10078695 0
162 10164024 0
163 10217334 240
164 10460405 0
165 10460827 0
166 10461256 0
167 10494697 0
168 10537348 0
169 10580011 0
170 10675998 0
171 10718664 0
172 10771984 0
173 10868010 0
174 10910684 0
175 10953305 0
176 11049315 0
177 11092001 0
178 11145309 0
179 11230671 0
180 11283993 0
181 11326638 0
182 11422639 0
183 11465309 0
184 11518648 0
185 11603998 0
186 11657324 0
187 11699954 0
188 11795969 0
189 11838637 0
190 11881294 0
191 11977332 0
192 12020006 0
193 12073285 0
194 12158626 0
195 12211948 0
196 12307952 0
197 12350884 0
198 12393302 0
199 12489281 0
200 12531944 0
201 12585284 0
202 12670618 0
203 12723974 0
204 12766626 240
205 13010374 0
206 13010661 0
207 13010975 0
208 13043943 0
209 13097303 0
210 13139938 0
211 13235935 0
212 13278601 0
213 13321256 0
214 13417274 0
215 13459954 0
216 13513266 0
217 13598591 0
218 13651938 0
219 13694580 0
220 13790581 0
221 13833287 0
222 13929265 0
223 13971913 0
224 14025236 0
225 14110562 0
226 14163910 0
227 14206601 0
228 14302601 0
229 14345233 0
230 14387898 0
231 14483921 0
232 14526576 0
233 14579931 0
234 14675926 0
235 14718560 0
236 14761224 0
237 14857226 0
238 14899912 0
239 14953257 0
240 15038576 0
241 15091897 0
242 15134553 0
243 15230559 0
244 15273226 0
245 15326586 240
246 15570330 0
247 15570706 0
248 15570989 0
249 15603888 0
250 15646548 0
251 15742567 0
252 15785186 0
253 15827866 0
254 15923865 0
255 15966540 0
256 16019869 0
257 16115876 0
258 16158536 0
259 16201188 0
260 16297205 0
261 16339869 0
262 16393206 0
263 16478551 0
264 16531871 0
265 16574527 0
266 16670506 0
267 16713189 0
268 16755854 0
269 16851883 0
270 16905207 0
271 16947843 0
272 17043860 0
273 17086521 0
274 17129182 0
275 17225184 0
276 17267826 0
277 17363843 0
278 17406521 0
279 17459832 0
280 17545175 0
281 17598552 0
282 17641191 0
283 17737165 0
284 17779835 0
285 17833162 0
286 17918492 240
287 18160307 0
288 18160639 0
289 18161015 0
290 18161298 0
291 18195804 0
292 18291821 0
293 18334504 0
294 18430465 0
295 18483823 0
296 18526471 0
297 18622455 0
298 18665151 0
299 18707827 0
300 18803830 0
301 18846471 0
302 18899809 0
303 18985143 0
304 19038465 0
305 19081168 0
306 19177131 0
307 19219798 0
308 19273124 0
309 19358471 0
310 19411795 0
311 19454479 0
312 19550460 0
313 19593119 0
314 19635784 0
315 19731808 0
316 19774451 0
317 19827805 0
318 19923809 0
319 19966442 0
320 20062457 0
321 20105127 0
322 20147783 0
323 20243781 0
324 20286433 0
325 20339781 0
326 20425113 0
327 20478445 240
328 20720353 0
329 20720637 0
330 20720967 0
331 20721348 0
332 20798437 0
333 20851760 0
334 20894423 0
335 20990441 0
336 21033054 0
337 21075762 0
338 21171752 0
339 21214419 0
340 21267746 0
341 21353109 0
342 21406454 0
343 21449088 0
344 21545084 0
345 21587743 0
346 21683729 0
347 21726408 0
348 21779752 0
349 21865082 0
350 21918413 0
351 21961068 0
352 22057078 0
353 22099757 0
354 22142420 0
355 22238392 0
356 22291739 0
357 22334392 0
358 22450000 0
359 22473086 0
360 22515740 0
361 22611705 0
362 22654410 0
363 22707719 0
364 22793058 0
365 22846412 0
366 22889077 0
367 22985051 0
368 23027721 240
369 23270444 0
370 23270878 0
371 23271261 0
372 23305087 0
373 23358384 0
374 23401034 0
375 23497049 0
376 23539704 0
377 23582392 0
378 23678400 0
379 23731718 0
380 23774362 0
381 23870344 0
382 23913041 0
383 23955713 0
384 24051726 0
385 24094368 0
386 24147695 0
387 24233009 0
388 24286353 0
389 24329054 0
390 24425042 0
391 24467694 0
392 24521008 0
393 24606361 0
394 24659681 0
395 24702365 0
396 24798381 0
397 24841015 0
398 24883670 0
399 24979683 0
400 25022333 0
401 25118362 0
402 25161047 0
403 25214341 0
404 25310310 0
405 25352991 0
406 25395670 0
407 25491690 0
408 25534357 0
409 25587680 240
410 25830299 0
411 25830617 0
412 25830943 0
413 25865027 0
414 25907682 0
415 25960980 0
416 26046326 0
417 26099660 0
418 26142320 0
419 26238359 0
420 26281003 0
421 26323639 0
422 26419644 0
423 26462328 0
424 26515644 0
425 26601008 0
426 26654341 0
427 26750279 0
428 26792962 0
429 26835631 0
430 26931635 0
431 26974329 0
432 27027651 0
433 27112974 0
434 27166292 0
435 27208954 0
436 27304950 0
437 27347629 0
438 27390314 0
439 27486291 0
440 27539614 0
441 27582278 0
442 27678282 0
443 27721009 0
444 27763639 0
445 27859614 0
446 27902286 0
447 27955603 0
448 28040943 0
449 28094302 0
450 28136974 240
451 28380356 0
452 28380644 0
453 28380961 0
454 28414274 0
455 28467626 0
456 28552958 0
457 28606261 0
458 28648924 0
459 28744920 0
460 28787598 0
461 28830286 0
462 28926278 0
463 28968929 0
464 29022247 0
465 29118250 0
466 29160941 0
467 29203617 0
468 29299578 0
469 29342240 0
470 29395581 0
471 29480913 0
472 29534248 0
473 29576949 0
474 29672927 0
475 29715574 0
476 29768893 0
477 29854244 0
478 29907576 0
479 29950259 0
480 30046257 0
481 30088889 0
482 30184904 0
483 30227583 0
484 30270222 0
485 30366244 0
486 30408903 0
487 30462221 0
488 30558227 0
489 30600893 0
490 30643564 0
491 30739574 240
492 30980319 0
493 30980695 0
494 30980976 0
495 30981291 0
496 31016861 0
497 31112880 0
498 31155519 0
499 31251526 0
500 31294212 0
501 31347531 0
502 31432846 0
503 31486196 0
504 31528879 0
505 31624844 0
506 31667531 0
507 31710203 0
508 31806195 0
509 31848883 0
510 31902215 0
511 31987523 0
512 32040866 0
513 32083519 0
514 32179524 0
515 32222211 0
516 32275536 0
517 32360858 0
518 32414186 0
519 32456842 0
520 32552861 0
521 32595534 0
522 32638188 0
523 32734179 0
524 32776833 0
525 32872841 0
526 32926177 0
527 32968863 0
528 33064854 0
529 33107495 0
530 33150169 0
531 33246164 0
532 33288840 240
533 33530295 0
534 33530630 0
535 33531006 0
536 33531287 0
537 33619496 0
538 33662154 0
539 33715508 0
540 33800782 0
541 33854144 0
542 33896808 0
543 33992807 0
544 34035471 0
545 34078166 0
546 34174158 0
547 34216816 0
548 34270153 0
549 34366143 0
550 34408809 0
551 34504820 0
552 34547486 0
553 34590138 0
554 34686148 0
555 34728810 0
556 34782124 0
557 34867491 0
558 34920811 0
559 34963488 0
560 35059447 0
561 35102124 0
562 35155450 0
563 35240890 0
564 35294139 0
565 35336781 0
566 35432789 0
567 35475465 0
568 35518106 0
569 35614140 0
570 35656789 0
571 35710132 0
572 35795451 0
573 35848781 240
574 36090340 0
575 36090625 0
576 36090951 0
577 36126106 0
578 36168787 0
579 36222095 0
580 36307444 0
581 36360800 0
582 36403404 0
583 36499435 0
584 36542108 0
585 36584751 0
586 36680765 0
587 36734132 0
588 36776767 0
589 36872762 0
590 36915421 0
591 36958088 0
592 37054065 0
593 37096754 0
594 37169995 0
595 37235418 0
596 37288750 0
597 37331406 0
598 37427396 0
599 37470099 0
600 37523415 0
601 37608748 0
602 37662072 0
603 37704727 0
604 37800735 0
605 37843402 0
606 37939414 0
607 37982079 0
608 38024724 0
609 38120728 0
610 38174062 0
611 38216764 0
612 38312744 0
613 38355399 0
614 38398064 240
615 38640313 0
616 38640640 0
617 38640920 0
618 38675408 0
619 38728718 0
620 38771368 0
621 38867360 0
622 38910064 0
623 38963403 0
624 39048737 0
625 39102042 0
626 39144696 0
627 39240687 0
628 39283372 0
629 39326059 0
630 39422031 0
631 39464706 0
632 39560670 0
633 39603354 0
634 39656695 0
635 39752711 0
636 39795385 0
637 39838022 0
638 39934027 0
639 39976682 0
640 40030027 0
641 40115382 0
642 40168700 0
643 40211348 0
644 40307348 0
645 40350097 0
646 40392673 0
647 40488694 0
648 40542039 0
649 40584673 0
650 40680669 0
651 40723343 0
652 40765993 0
653 40861997 0
654 40904664 0
655 40958004 240
656 41200294 0
657 41200613 0
658 41200940 0
659 41235359 0
660 41278012 0
661 41373972 0
662 41416649 0
663 41470000 0
664 41555332 0
665 41608682 0
666 41651333 0
667 41747313 0
668 41790019 0
669 41832641 0
670 41928643 0
671 41982024 0
672 42024660 0
673 42120645 0
674 42163301 0
675 42205972 0
676 42301970 0
677 42344665 0
678 42397999 0
679 42483295 0
680 42536625 0
681 42579288 0
682 42675299 0
683 42718001 0
684 42771309 0
685 42856604 0
686 42909940 0
687 42995288 0
688 43048636 0
689 43091309 0
690 43187277 0
691 43229957 0
692 43272604 0
693 43368618 0
694 43411287 0
695 43464642 0
696 43560625 240
697 43810361 0
698 43810645 0
699 43810960 0
700 43811289 0
701 43837939 0
702 43923260 0
703 43976590 0
704 44061939 0
705 44115273 0
706 44157920 0
707 44253944 0
708 44296618 0
709 44349917 0
710 44435261 0
711 44488608 0
712 44531254 0
713 44627277 0
714 44669931 0
715 44712582 0
716 44808579 0
717 44851255 0
718 44904595 0
719 45000599 0
720 45043260 0
721 45085900 0
722 45181888 0
723 45224572 0
724 45277905 0
725 45363276 0
726 45416589 0
727 45459223 0
728 45555236 0
729 45597888 0
730 45693893 0
731 45736589 0
732 45789912 0
733 45875229 0
734 45928551 0
735 45971225 0
736 46067217 0
737 46109912 240
738 46350374 0
739 46350752 0
740 46351035 0
741 46351347 0
742 46429886 0
743 46483229 0
744 46525850 0
745 46621857 0
746 46664530 0
747 46717867 0
748 46803218 0
749 46856552 0
750 46899209 0
751 46995201 0
752 47037870 0
753 47080525 0
754 47176526 0
755 47219222 0
756 47315211 0
757 47368524 0
758 47411180 0
759 47507206 0
760 47549859 0
761 47592533 0
762 47688540 0
763 47731177 0
764 47784507 0
765 47869868 0
766 47923207 0
767 47965862 0
768 48061864 0
769 48104504 0
770 48157831 0
771 48243184 0
772 48296521 0
773 48339187 0
774 48435170 0
775 48477840 0
776 48520493 0
777 48616508 0
778 48659168 240
779 48900316 0
780 48900646 0
781 48901020 0
782 48947164 0
783 48989833 0
784 49032483 0
785 49128514 0
786 49171141 0
787 49224489 0
788 49309801 0
789 49363161 0
790 49405804 0
791 49501813 0
792 49544492 0
793 49597811 0
794 49683151 0
795 49736492 0
796 49779128 0
797 49875139 0
798 49917800 0
799 49960479 0
800 50056474 0
801 50099138 0
802 50152470 0
803 50237818 0
804 50291157 0
805 50333793 0
806 50429809 0
807 50472470 0
808 50525782 0
809 50611149 0
810 50664466 0
811 50749785 0
812 50803133 0
813 50845782 0
814 50941783 0
815 50984461 0
816 51027131 0
817 51123109 0
818 51176445 0
819 51219121 240
820 51460433 0
821 51460766 0
822 51461095 0
823 51496443 0
824 51539109 0
825 51592432 0
826 51677779 0
827 51731131 0
828 51773735 0
829 51869777 0
830 51912433 0
831 51965750 0
832 52051106 0
833 52104454 0
834 52147096 0
835 52243083 0
836 52285758 0
837 52381724 0
838 52424415 0
839 52467118 0
840 52563073 0
841 52616419 0
842 52659076 0
843 52755082 0
844 52797746 0
845 52840434 0
846 52936404 0
847 52979068 0
848 53032403 0
849 53117737 0
850 53171071 0
851 53213761 0
852 53309757 0
853 53352400 0
854 53405724 0
855 53491069 0
856 53544404 0
857 53587083 0
858 53683083 0
859 53725743 0
860 53768389 240
861 54010306 0
862 54010632 0
863 54010908 0
864 54045742 0
865 54099048 0
866 54195030 0
867 54237702 0
868 54280366 0
869 54376401 0
870 54419058 0
871 54472375 0
872 54557704 0
873 54611039 0
874 54653695 0
875 54749723 0
876 54792400 0
877 54835027 0
878 54931005 0
879 54984370 0
880 55027015 0
881 55123047 0
882 55165714 0
883 55208366 0
884 55304352 0
885 55347013 0
886 55400864 0
887 55485704 0
888 55539046 0
889 55581680 0
890 55677685 0
891 55720333 0
892 55816350 0
893 55859047 0
894 55912352 0
895 55997674 0
896 56051010 0
897 56093660 0
898 56189675 0
899 56232361 0
900 56275021 0
901 56370996 240
902 56620304 0
903 56620625 0
904 56620947 0
905 56621231 0
906 56648326 0
907 56744323 0
908 56786978 0
909 56882990 0
910 56925657 0
911 56979012 0
912 57064331 0
913 57117651 0
914 57160302 0
915 57256314 0
916 57298998 0
917 57352339 0
918 57437658 0
919 57490966 0
920 57533638 0
921 57629636 0
922 57672307 0
923 57715010 0
924 57810982 0
925 57853632 0
926 57906953 0
927 58002960 0
928 58045631 0
929 58088316 0
930 58184313 0
931 58226955 0
932 58280281 0
933 58365630 0
934 58418940 0
935 58504305 0
936 58557661 0
937 58600273 0
938 58696280 0
939 58738944 0
940 58792276 0
941 58877623 0
942 58930966 240
943 59180458 0
944 59180838 0
945 59181255 0
946 59181686 0
947 59250962 0
948 59293615 0
949 59346924 0
950 59442932 0
951 59485593 0
952 59528254 0
953 59624276 0
954 59666915 0
955 59720249 0
956 59805586 0
957 59858927 0
958 59901576 0
959 59997604 0
# stall_ms 240  spacing 41  first_frames 2048
