# mode 2: isolated stalls
# frames 5512  ahead 3  rate 44100  channels 2  events 640
# k  wait_return_us  stall_ms_taken_after
0 0 0
1 149332 0
2 288025 0
3 426662 0
4 511998 0
5 650694 0
6 799980 0
7 885324 0
8 1024010 0
9 1162641 0
10 1258653 0
11 1397343 0
12 1535964 0
13 1631974 0
14 1770668 0
15 1909296 0
16 2047962 0
17 2143983 0
18 2282625 0
19 2421287 0
20 2517311 0
21 2655949 0
22 2794618 0
23 2879974 0
24 3018604 0
25 3167939 0
26 3253296 0
27 3391935 0
28 3530601 0
29 3669314 0
30 3765260 0
31 3903930 0
32 4042602 0
33 4138580 0
34 4277249 0
35 4415932 0
36 4511907 0
37 4650574 0
38 4789258 0
39 4885228 0
40 5023910 60
41 5162589 0
42 5303312 0
43 5397230 0
44 5535913 0
45 5674542 0
46 5759889 0
47 5898569 0
48 6037202 0
49 6133204 0
50 6271902 0
51 6410528 0
52 6506550 0
53 6645225 0
54 6783862 0
55 6922522 0
56 7018546 0
57 7157181 0
58 7295848 0
59 7391867 0
60 7530508 0
61 7669172 0
62 7765204 0
63 7903834 0
64 8042498 0
65 8127860 0
66 8266501 0
67 8415829 0
68 8554511 0
69 8639813 0
70 8778487 0
71 8917165 0
72 9013148 0
73 9151809 0
74 9290490 0
75 9386477 0
76 9525137 0
77 9663816 0
78 9759799 0
79 9898460 0
80 10037147 0
81 10175776 60
82 10271787 0
83 10410474 0
84 10549106 0
85 10634446 0
86 10783807 0
87 10922449 0
88 11007770 0
89 11146459 0
90 11285088 0
91 11381097 0
92 11519785 0
93 11658412 0
94 11754424 0
95 11893112 0
96 12031740 0
97 12170410 0
98 12266432 0
99 12405069 0
100 12543734 0
101 12639757 0
102 12778400 0
103 12917058 0
104 13013082 0
105 13151718 0
106 13290381 0
107 13375743 0
108 13514380 0
109 13653048 0
110 13802402 0
111 13887701 0
112 14026372 0
113 14165047 0
114 14261027 0
115 14399696 0
116 14538381 0
117 14634352 0
118 14773018 0
119 14911703 0
120 15007677 0
121 15146350 0
122 15285037 60
123 15423693 0
124 15519676 0
125 15658365 0
126 15796997 0
127 15882331 0
128 16031685 0
129 16170314 0
130 16255653 0
131 16394345 0
132 16532980 0
133 16628982 0
134 16767671 0
135 16906307 0
136 17044969 0
137 17140997 0
138 17279628 0
139 17418298 0
140 17514321 0
141 17652956 0
142 17791621 0
143 17887645 0
144 18026281 0
145 18164944 0
146 18250303 0
147 18399605 0
148 18538281 0
149 18676955 0
150 18762259 0
151 18900933 0
152 19050287 0
153 19135588 0
154 19274254 0
155 19412937 0
156 19508913 0
157 19647587 0
158 19786259 0
159 19882242 0
160 20020909 0
161 20159600 0
162 20298227 0
163 20394229 60
164 20532923 0
165 20671553 0
166 20767555 0
167 20906247 0
168 21044875 0
169 21130222 0
170 21268907 0
171 21418203 0
172 21503546 0
173 21642237 0
174 21780860 0
175 21876872 0
176 22015560 0
177 22154188 0
178 22292854 0
179 22388882 0
180 22527515 0
181 22666185 0
182 22762207 0
183 22900845 0
184 23039512 0
185 23135535 0
186 23274165 0
187 23412831 0
188 23498193 0
189 23647493 0
190 23786155 0
191 23924846 0
192 24010151 0
193 24148820 0
194 24287501 0
195 24383474 0
196 24522147 0
197 24660829 0
198 24756801 0
199 24895477 0
200 25034147 0
201 25130127 0
202 25268797 0
203 25407481 0
204 25546119 60
205 25642123 0
206 25780812 0
207 25919442 0
208 26015444 0
209 26154132 0
210 26292761 0
211 26378100 0
212 26516796 0
213 26666090 0
214 26751428 0
215 26890115 0
216 27028753 0
217 27167417 0
218 27263442 0
219 27402075 0
220 27540747 0
221 27636776 0
222 27775401 0
223 27914069 0
224 28010098 0
225 28148727 0
226 28287397 0
227 28383412 0
228 28522051 0
229 28660728 0
230 28799405 0
231 28884704 0
232 29034049 0
233 29172729 0
234 29258036 0
235 29396703 0
236 29535388 0
237 29631358 0
238 29770031 0
239 29908706 0
240 30004689 0
241 30143355 0
242 30282045 0
243 30420672 0
244 30516682 0
245 30655371 60
246 30793997 0
247 30890003 0
248 31028700 0
249 31167320 0
250 31263333 0
251 31402017 0
252 31540649 0
253 31625993 0
254 31764682 0
255 31903310 0
256 31999298 0
257 32137980 0
258 32276641 0
259 32415301 0
260 32511328 0
261 32649962 0
262 32788633 0
263 32884653 0
264 33023290 0
265 33161954 0
266 33257982 0
267 33396614 0
268 33535281 0
269 33631305 0
270 33769941 0
271 33908604 0
272 34047293 0
273 34132594 0
274 34281931 0
275 34420615 0
276 34505918 0
277 34644592 0
278 34783277 0
279 34879246 0
280 35017924 0
281 35156608 0
282 35252571 0
283 35391242 0
284 35529932 0
285 35668566 0
286 35764568 60
287 35903255 0
288 36041888 0
289 36137896 0
290 36276604 0
291 36415210 0
292 36500550 0
293 36649910 0
294 36788539 0
295 36873877 0
296 37012573 0
297 37151198 0
298 37300533 0
299 37385889 0
300 37524524 0
301 37663192 0
302 37759219 0
303 37897851 0
304 38036517 0
305 38132520 0
306 38271172 0
307 38409840 0
308 38505866 0
309 38644500 0
310 38783173 0
311 38921848 0
312 39017831 0
313 39156505 0
314 39295174 0
315 39380482 0
316 39519151 0
317 39668501 0
318 39753812 0
319 39892475 0
320 40031159 0
321 40127137 0
322 40265802 0
323 40404488 0
324 40543121 0
325 40639130 0
326 40777821 0
327 40916461 60
328 41012452 0
329 41151144 0
330 41289770 0
331 41385779 0
332 41524465 0
333 41663097 0
334 41748437 0
335 41897793 0
336 42036424 0
337 42175094 0
338 42260451 0
339 42399085 0
340 42537753 0
341 42633776 0
342 42772412 0
343 42911077 0
344 43007102 0
345 43145736 0
346 43284401 0
347 43380424 0
348 43519062 0
349 43657729 0
350 43753749 0
351 43892386 0
352 44031054 0
353 44169740 0
354 44265709 0
355 44404375 0
356 44543060 0
357 44628367 0
358 44767038 0
359 44916385 0
360 45001693 0
361 45140372 0
362 45279044 0
363 45375017 0
364 45513691 0
365 45652379 0
366 45791015 0
367 45887015 0
368 46025702 60
369 46164337 0
370 46260336 0
371 46399026 0
372 46537657 0
373 46633669 0
374 46772361 0
375 46910984 0
376 46996324 0
377 47135025 0
378 47284311 0
379 47422976 0
380 47508337 0
381 47646969 0
382 47785635 0
383 47881663 0
384 48020300 0
385 48158972 0
386 48254986 0
387 48393620 0
388 48532291 0
389 48628314 0
390 48766947 0
391 48905618 0
392 49044297 0
393 49140283 0
394 49278939 0
395 49417619 0
396 49513596 0
397 49652268 0
398 49790948 0
399 49876256 0
400 50014923 0
401 50153615 0
402 50249579 0
403 50388251 0
404 50526942 0
405 50665568 0
406 50761579 0
407 50900264 0
408 51038892 0
409 51134902 60
410 51273590 0
411 51412219 0
412 51508225 0
413 51646915 0
414 51785548 0
415 51881552 0
416 52020242 0
417 52158881 0
418 52297538 0
419 52382894 0
420 52532197 0
421 52670866 0
422 52756224 0
423 52894861 0
424 53033522 0
425 53129548 0
426 53268183 0
427 53406845 0
428 53502870 0
429 53641506 0
430 53780174 0
431 53876197 0
432 54014835 0
433 54153501 0
434 54292184 0
435 54388159 0
436 54526825 0
437 54665506 0
438 54750818 0
439 54900153 0
440 55038833 0
441 55124137 0
442 55262815 0
443 55401488 0
444 55497465 0
445 55636135 0
446 55774830 0
447 55913469 0
448 56009462 0
449 56148147 0
450 56286782 60
451 56382784 0
452 56521475 0
453 56660104 0
454 56756109 0
455 56894802 0
456 57033433 0
457 57129436 0
458 57268132 0
459 57406759 0
460 57545425 0
461 57630779 0
462 57769420 0
463 57918753 0
464 58004109 0
465 58142743 0
466 58281409 0
467 58377438 0
468 58516068 0
469 58654733 0
470 58750761 0
471 58889396 0
472 59028069 0
473 59166743 0
474 59262726 0
475 59401384 0
476 59540062 0
477 59636042 0
478 59774713 0
479 59913397 0
480 59998706 0
481 60148038 0
482 60286729 0
483 60372027 0
484 60510698 0
485 60649383 0
486 60788015 0
487 60884024 0
488 61022713 0
489 61161338 0
490 61257356 0
491 61396036 60
492 61534661 0
493 61630671 0
494 61769361 0
495 61907996 0
496 62004006 0
497 62142686 0
498 62281329 0
499 62419987 0
500 62516010 0
501 62654644 0
502 62793311 0
503 62878674 0
504 63017306 0
505 63166639 0
506 63251991 0
507 63390636 0
508 63529294 0
509 63625321 0
510 63763969 0
511 63902634 0
512 63998628 0
513 64137270 0
514 64275946 0
515 64414636 0
516 64510605 0
517 64649269 0
518 64787951 0
519 64883931 0
520 65022609 0
521 65161275 0
522 65246596 0
523 65385260 0
524 65534603 0
525 65619911 0
526 65758584 0
527 65903523 0
528 66035904 0
529 66131914 0
530 66270596 0
531 66409229 0
532 66505234 60
533 66643915 0
534 66782552 0
535 66878561 0
536 67017252 0
537 67155876 0
538 67251884 0
539 67390578 0
540 67529207 0
541 67667870 0
542 67763896 0
543 67902532 0
544 68041200 0
545 68126562 0
546 68265188 0
547 68403861 0
548 68499881 0
549 68638513 0
550 68777182 0
551 68873209 0
552 69011858 0
553 69150510 0
554 69289189 0
555 69385167 0
556 69523833 0
557 69662516 0
558 69758488 0
559 69897158 0
560 70035841 0
561 70131817 0
562 70270483 0
563 70409168 0
564 70494477 0
565 70633143 0
566 70782498 0
567 70923655 0
568 71006480 0
569 71145156 0
570 71283782 0
571 71379802 0
572 71518488 0
573 71657113 60
574 71753117 0
575 71891807 0
576 72030437 0
577 72126444 0
578 72265132 0
579 72403768 0
580 72542434 0
581 72638457 0
582 72777092 0
583 72915759 0
584 73001123 0
585 73150420 0
586 73289083 0
587 73374449 0
588 73513075 0
589 73651743 0
590 73747767 0
591 73886400 0
592 74025077 0
593 74163753 0
594 74259727 0
595 74398401 0
596 74537083 0
597 74633051 0
598 74771719 0
599 74910403 0
600 75006373 0
601 75145045 0
602 75283726 0
603 75379700 0
604 75518376 0
605 75657051 0
606 75742361 0
607 75881031 0
608 76019744 0
609 76169017 0
610 76254357 0
611 76393045 0
612 76531674 0
613 76627681 0
614 76766368 60
615 76904994 0
616 77001008 0
617 77139694 0
618 77278323 0
619 77374327 0
620 77513023 0
621 77651652 0
622 77790319 0
623 77886342 0
624 78024979 0
625 78163647 0
626 78249002 0
627 78398300 0
628 78536972 0
629 78622327 0
630 78760961 0
631 78899629 0
632 78995653 0
633 79134297 0
634 79272958 0
635 79411636 0
636 79507619 0
637 79646280 0
638 79784960 0
639 79880934 0
# stall_ms 60  spacing 41
