# mode 2: isolated stalls
# frames 5512  ahead 3  rate 44100  channels 2  events 640
# k  wait_return_us  stall_ms_taken_after
0 0 0
1 138671 0
2 277350 0
3 415987 0
4 501330 0
5 640014 0
6 789309 0
7 874656 0
8 1013338 0
9 1151974 0
10 1247978 0
11 1386667 0
12 1525295 0
13 1621299 0
14 1759995 0
15 1898626 0
16 2037290 0
17 2133325 0
18 2271950 0
19 2410617 0
20 2506639 0
21 2645272 0
22 2783945 0
23 2869301 0
24 3007934 0
25 3157274 0
26 3242625 0
27 3381261 0
28 3519928 0
29 3658608 0
30 3754589 0
31 3893257 0
32 4031935 0
33 4127906 0
34 4266583 0
35 4405260 0
36 4501233 0
37 4639907 0
38 4778588 0
39 4874561 0
40 5013230 80
41 5151914 0
42 5290551 0
43 5386553 0
44 5525241 0
45 5663872 0
46 5749217 0
47 5887914 0
48 6026531 0
49 6122538 0
50 6261229 0
51 6399855 0
52 6495860 0
53 6634552 0
54 6773185 0
55 6911854 0
56 7007876 0
57 7146512 0
58 7285185 0
59 7381203 0
60 7519834 0
61 7658504 0
62 7754525 0
63 7893162 0
64 8031828 0
65 8117186 0
66 8255825 0
67 8405159 0
68 8543835 0
69 8629143 0
70 8767816 0
71 8906503 0
72 9002470 0
73 9141137 0
74 9279826 0
75 9375792 0
76 9514463 0
77 9653145 0
78 9749120 0
79 9887793 0
80 10026479 0
81 10165108 80
82 10261124 0
83 10399805 0
84 10538433 0
85 10623776 0
86 10773132 0
87 10911757 0
88 10997101 0
89 11135792 0
90 11274420 0
91 11370429 0
92 11509107 0
93 11647744 0
94 11743752 0
95 11882441 0
96 12021073 0
97 12159736 0
98 12255770 0
99 12394397 0
100 12533061 0
101 12629091 0
102 12767723 0
103 12906392 0
104 13002413 0
105 13141046 0
106 13279721 0
107 13365072 0
108 13503705 0
109 13642371 0
110 13791724 0
111 13877033 0
112 14015698 0
113 14154379 0
114 14250365 0
115 14389023 0
116 14527707 0
117 14623680 0
118 14762360 0
119 14901032 0
120 14997012 0
121 15135678 0
122 15274370 80
123 15412990 0
124 15508999 0
125 15647691 0
126 15786322 0
127 15871931 0
128 16021020 0
129 16159644 0
130 16244997 0
131 16383678 0
132 16522303 0
133 16618309 0
134 16757002 0
135 16895635 0
136 17034302 0
137 17130321 0
138 17268957 0
139 17407627 0
140 17503653 0
141 17642279 0
142 17780953 0
143 17876978 0
144 18015612 0
145 18154275 0
146 18239632 0
147 18388938 0
148 18527608 0
149 18666291 0
150 18751592 0
151 18890262 0
152 19039613 0
153 19124925 0
154 19263585 0
155 19402271 0
156 19498240 0
157 19636910 0
158 19775596 0
159 19871566 0
160 20010240 0
161 20148924 0
162 20287557 0
163 20383569 80
164 20522251 0
165 20660887 0
166 20756894 0
167 20895583 0
168 21034211 0
169 21119547 0
170 21258236 0
171 21407536 0
172 21492870 0
173 21631560 0
174 21770190 0
175 21866201 0
176 22004887 0
177 22143521 0
178 22282189 0
179 22378215 0
180 22516845 0
181 22655510 0
182 22751537 0
183 22890170 0
184 23028838 0
185 23124866 0
186 23263491 0
187 23402167 0
188 23487521 0
189 23636821 0
190 23775492 0
191 23914170 0
192 23999480 0
193 24138149 0
194 24276827 0
195 24372815 0
196 24511470 0
197 24650154 0
198 24746126 0
199 24884805 0
200 25023480 0
201 25119452 0
202 25258128 0
203 25396824 0
204 25535440 80
205 25631452 0
206 25770137 0
207 25908768 0
208 26004796 0
209 26143464 0
210 26282092 0
211 26367442 0
212 26506123 0
213 26655415 0
214 26740761 0
215 26879452 0
216 27018081 0
217 27156752 0
218 27252770 0
219 27391410 0
220 27530078 0
221 27626095 0
222 27764731 0
223 27903401 0
224 27999425 0
225 28138058 0
226 28276726 0
227 28372751 0
228 28511391 0
229 28650053 0
230 28788733 0
231 28874039 0
232 29023379 0
233 29162056 0
234 29247367 0
235 29386035 0
236 29524717 0
237 29620694 0
238 29759361 0
239 29898045 0
240 29994016 0
241 30132696 0
242 30271377 0
243 30410009 0
244 30506011 0
245 30644699 80
246 30783326 0
247 30879343 0
248 31018029 0
249 31156657 0
250 31252662 0
251 31391349 0
252 31529984 0
253 31615320 0
254 31754010 0
255 31892641 0
256 31988623 0
257 32127308 0
258 32265968 0
259 32404634 0
260 32500659 0
261 32639293 0
262 32777961 0
263 32873983 0
264 33012616 0
265 33151290 0
266 33247309 0
267 33385942 0
268 33524613 0
269 33620638 0
270 33759267 0
271 33897937 0
272 34036620 0
273 34121925 0
274 34271265 0
275 34409942 0
276 34495259 0
277 34633919 0
278 34772604 0
279 34868577 0
280 35007250 0
281 35145926 0
282 35241903 0
283 35380575 0
284 35519267 0
285 35657889 0
286 35753904 80
287 35892583 0
288 36031217 0
289 36127236 0
290 36265913 0
291 36404540 0
292 36489888 0
293 36639237 0
294 36777866 0
295 36863207 0
296 37001897 0
297 37140528 0
298 37289864 0
299 37375220 0
300 37513861 0
301 37652520 0
302 37748544 0
303 37887179 0
304 38025844 0
305 38121870 0
306 38260507 0
307 38399170 0
308 38495205 0
309 38633826 0
310 38772503 0
311 38911179 0
312 39007152 0
313 39145823 0
314 39284507 0
315 39369809 0
316 39508487 0
317 39657826 0
318 39743137 0
319 39881803 0
320 40020487 0
321 40116467 0
322 40255138 0
323 40393819 0
324 40532455 0
325 40628458 0
326 40767144 0
327 40905774 80
328 41001788 0
329 41140472 0
330 41279102 0
331 41375113 0
332 41513794 0
333 41652430 0
334 41737771 0
335 41887123 0
336 42025755 0
337 42164424 0
338 42249783 0
339 42388411 0
340 42527087 0
341 42623100 0
342 42761740 0
343 42900406 0
344 42996428 0
345 43135067 0
346 43273737 0
347 43369793 0
348 43508392 0
349 43647058 0
350 43743079 0
351 43881714 0
352 44020384 0
353 44159066 0
354 44255102 0
355 44393708 0
356 44532394 0
357 44617702 0
358 44756370 0
359 44905715 0
360 44991023 0
361 45129693 0
362 45268376 0
363 45364349 0
364 45503024 0
365 45641711 0
366 45780333 0
367 45876351 0
368 46015030 80
369 46153659 0
370 46249681 0
371 46388361 0
372 46526987 0
373 46622997 0
374 46761683 0
375 46900314 0
376 46985655 0
377 47124343 0
378 47273644 0
379 47412310 0
380 47497666 0
381 47636302 0
382 47774959 0
383 47870969 0
384 48009628 0
385 48148294 0
386 48244314 0
387 48382956 0
388 48521622 0
389 48617647 0
390 48756285 0
391 48894956 0
392 49033627 0
393 49129601 0
394 49268268 0
395 49406952 0
396 49502925 0
397 49641600 0
398 49780275 0
399 49865586 0
400 50004256 0
401 50142933 0
402 50238910 0
403 50377583 0
404 50516269 0
405 50654905 0
406 50750901 0
407 50889597 0
408 51028221 0
409 51124230 80
410 51262917 0
411 51401552 0
412 51497561 0
413 51636250 0
414 51774871 0
415 51870880 0
416 52009576 0
417 52148201 0
418 52286867 0
419 52372234 0
420 52521531 0
421 52660200 0
422 52745552 0
423 52884187 0
424 53022857 0
425 53118877 0
426 53257513 0
427 53396182 0
428 53492202 0
429 53630835 0
430 53769508 0
431 53865530 0
432 54004164 0
433 54142827 0
434 54281514 0
435 54377490 0
436 54516158 0
437 54654848 0
438 54740145 0
439 54889480 0
440 55028164 0
441 55113468 0
442 55252143 0
443 55390823 0
444 55486799 0
445 55625465 0
446 55764158 0
447 55902783 0
448 55998798 0
449 56137480 0
450 56276136 80
451 56372118 0
452 56510810 0
453 56649431 0
454 56745445 0
455 56884131 0
456 57022760 0
457 57118766 0
458 57257455 0
459 57396092 0
460 57534758 0
461 57620115 0
462 57758753 0
463 57908080 0
464 57993441 0
465 58132073 0
466 58270737 0
467 58366764 0
468 58505400 0
469 58644065 0
470 58740096 0
471 58878722 0
472 59017399 0
473 59156075 0
474 59252049 0
475 59390715 0
476 59529400 0
477 59625371 0
478 59764043 0
479 59902725 0
480 59988033 0
481 60137371 0
482 60276049 0
483 60361355 0
484 60500035 0
485 60638713 0
486 60777349 0
487 60873353 0
488 61012042 0
489 61150673 0
490 61246676 0
491 61385368 80
492 61523997 0
493 61620004 0
494 61758696 0
495 61897320 0
496 61993330 0
497 62132021 0
498 62270647 0
499 62409319 0
500 62505345 0
501 62643975 0
502 62782643 0
503 62868000 0
504 63006637 0
505 63155969 0
506 63241324 0
507 63379958 0
508 63518632 0
509 63614648 0
510 63753291 0
511 63891954 0
512 63987952 0
513 64126601 0
514 64265277 0
515 64403960 0
516 64499942 0
517 64638600 0
518 64777290 0
519 64873256 0
520 65011930 0
521 65150611 0
522 65235916 0
523 65374592 0
524 65523936 0
525 65609248 0
526 65747914 0
527 65886604 0
528 66025229 0
529 66121238 0
530 66259925 0
531 66398582 0
532 66494571 80
533 66633255 0
534 66771887 0
535 66867888 0
536 67006579 0
537 67145206 0
538 67241213 0
539 67379904 0
540 67518539 0
541 67657204 0
542 67753223 0
543 67891864 0
544 68030530 0
545 68115885 0
546 68254520 0
547 68393191 0
548 68489218 0
549 68627843 0
550 68766511 0
551 68862540 0
552 69001171 0
553 69139841 0
554 69278520 0
555 69374494 0
556 69513170 0
557 69651843 0
558 69747819 0
559 69886490 0
560 70025170 0
561 70121141 0
562 70259809 0
563 70398497 0
564 70483801 0
565 70622476 0
566 70771828 0
567 70910461 0
568 70995803 0
569 71134482 0
570 71273113 0
571 71369125 0
572 71507813 0
573 71646444 80
574 71742449 0
575 71881144 0
576 72019765 0
577 72115774 0
578 72254466 0
579 72393095 0
580 72531768 0
581 72627788 0
582 72766419 0
583 72905096 0
584 72990444 0
585 73139747 0
586 73278413 0
587 73363771 0
588 73502408 0
589 73641077 0
590 73737097 0
591 73875737 0
592 74014404 0
593 74153081 0
594 74249051 0
595 74387724 0
596 74526408 0
597 74622383 0
598 74761054 0
599 74899737 0
600 74995709 0
601 75134373 0
602 75273052 0
603 75369031 0
604 75507707 0
605 75646386 0
606 75731685 0
607 75870368 0
608 76009049 0
609 76158344 0
610 76243686 0
611 76382372 0
612 76521009 0
613 76617013 0
614 76755698 80
615 76894338 0
616 76990342 0
617 77129024 0
618 77267650 0
619 77363662 0
620 77502356 0
621 77640980 0
622 77779648 0
623 77875683 0
624 78014310 0
625 78152975 0
626 78238330 0
627 78387634 0
628 78526305 0
629 78611662 0
630 78750294 0
631 78888965 0
632 78984996 0
633 79123613 0
634 79262286 0
635 79400969 0
636 79496944 0
637 79635614 0
638 79774289 0
639 79870264 0
# stall_ms 80  spacing 41
