# mode 2: isolated stalls
# frames 5512  ahead 3  rate 44100  channels 2  events 639
# k  wait_return_us  stall_ms_taken_after
0 0 0
1 138663 0
2 277347 0
3 415986 0
4 501327 0
5 640010 0
6 789308 0
7 874648 0
8 1013338 0
9 1151969 0
10 1247972 0
11 1386668 0
12 1525319 0
13 1621299 0
14 1759991 0
15 1898625 0
16 2037289 0
17 2133318 0
18 2271948 0
19 2410616 0
20 2506640 0
21 2645272 0
22 2783972 0
23 2869298 0
24 3007978 0
25 3157269 0
26 3242623 0
27 3381250 0
28 3519924 0
29 3658602 0
30 3754582 0
31 3893248 0
32 4031928 0
33 4127912 0
34 4266577 0
35 4405253 0
36 4501234 0
37 4639902 0
38 4778582 0
39 4874557 0
40 5013226 120
41 5151922 0
42 5290545 0
43 5386551 0
44 5525244 0
45 5663868 0
46 5749212 0
47 5887900 0
48 6026525 0
49 6122534 0
50 6261227 0
51 6399851 0
52 6495863 0
53 6634547 0
54 6773212 0
55 6911851 0
56 7007879 0
57 7146504 0
58 7285175 0
59 7381198 0
60 7519835 0
61 7658498 0
62 7754526 0
63 7893162 0
64 8031826 0
65 8117194 0
66 8255820 0
67 8405156 0
68 8543831 0
69 8629139 0
70 8767810 0
71 8906493 0
72 9002466 0
73 9141136 0
74 9279816 0
75 9375793 0
76 9514462 0
77 9653143 0
78 9749121 0
79 9887790 0
80 10026474 0
81 10165112 120
82 10285616 0
83 10399764 0
84 10538425 0
85 10677100 0
86 10815784 0
87 10911763 0
88 11050425 0
89 11189110 0
90 11274419 0
91 11423754 0
92 11562431 0
93 11647749 0
94 11786418 0
95 11925099 0
96 12021072 0
97 12159741 0
98 12298422 0
99 12437052 0
100 12533065 0
101 12671741 0
102 12810378 0
103 12906392 0
104 13045065 0
105 13183703 0
106 13279716 0
107 13418392 0
108 13557028 0
109 13642374 0
110 13791715 0
111 13930364 0
112 14069023 0
113 14154373 0
114 14293021 0
115 14431684 0
116 14527698 0
117 14666347 0
118 14805011 0
119 14901022 0
120 15039673 0
121 15178337 0
122 15274357 120
123 15412994 0
124 15551663 0
125 15690351 0
126 15786320 0
127 15924987 0
128 16063673 0
129 16159644 0
130 16298317 0
131 16436999 0
132 16522304 0
133 16660971 0
134 16810324 0
135 16895655 0
136 17034303 0
137 17172973 0
138 17311619 0
139 17407626 0
140 17546303 0
141 17684935 0
142 17780950 0
143 17919623 0
144 18058268 0
145 18154286 0
146 18292956 0
147 18431587 0
148 18527597 0
149 18666277 0
150 18804920 0
151 18943589 0
152 19039603 0
153 19178247 0
154 19316919 0
155 19402261 0
156 19540905 0
157 19679572 0
158 19775585 0
159 19914231 0
160 20052895 0
161 20148907 0
162 20287557 0
163 20426233 120
164 20564908 0
165 20660861 0
166 20799546 0
167 20938228 0
168 21076865 0
169 21172877 0
170 21311558 0
171 21450192 0
172 21546202 0
173 21684872 0
174 21823517 0
175 21908859 0
176 22058203 0
177 22196839 0
178 22282182 0
179 22420861 0
180 22559507 0
181 22698169 0
182 22794182 0
183 22932834 0
184 23071498 0
185 23167517 0
186 23306155 0
187 23444822 0
188 23540833 0
189 23679483 0
190 23818146 0
191 23914162 0
192 24052809 0
193 24191477 0
194 24330157 0
195 24426134 0
196 24564797 0
197 24703482 0
198 24788788 0
199 24927461 0
200 25066148 0
201 25162117 0
202 25300787 0
203 25439474 0
204 25535446 120
205 25674123 0
206 25812789 0
207 25951426 0
208 26047439 0
209 26186111 0
210 26324750 0
211 26420768 0
212 26559438 0
213 26698072 0
214 26794084 0
215 26932760 0
216 27071411 0
217 27156749 0
218 27295427 0
219 27444738 0
220 27583400 0
221 27668746 0
222 27807393 0
223 27946058 0
224 28042073 0
225 28180735 0
226 28319379 0
227 28415437 0
228 28554042 0
229 28692706 0
230 28788723 0
231 28927368 0
232 29066037 0
233 29204722 0
234 29300694 0
235 29439361 0
236 29578044 0
237 29674019 0
238 29812687 0
239 29951370 0
240 30036680 0
241 30175376 0
242 30314031 0
243 30410012 0
244 30548675 0
245 30687346 120
246 30825991 0
247 30921972 0
248 31060650 0
249 31199322 0
250 31337982 0
251 31434005 0
252 31572644 0
253 31711308 0
254 31807323 0
255 31945969 0
256 32084635 0
257 32180646 0
258 32319296 0
259 32457964 0
260 32543307 0
261 32681954 0
262 32831287 0
263 32969966 0
264 33055290 0
265 33193951 0
266 33332626 0
267 33428611 0
268 33567273 0
269 33705953 0
270 33801929 0
271 33940601 0
272 34079283 0
273 34175264 0
274 34313928 0
275 34452606 0
276 34591239 0
277 34687248 0
278 34825922 0
279 34964563 0
280 35060578 0
281 35199250 0
282 35337890 0
283 35423234 0
284 35561914 0
285 35700545 0
286 35796559 120
287 35935241 0
288 36073883 0
289 36212542 0
290 36308555 0
291 36447205 0
292 36585873 0
293 36681885 0
294 36820530 0
295 36959192 0
296 37055212 0
297 37193866 0
298 37332520 0
299 37428533 0
300 37567184 0
301 37705852 0
302 37844525 0
303 37929837 0
304 38079179 0
305 38217860 0
306 38303165 0
307 38441826 0
308 38580518 0
309 38676488 0
310 38815157 0
311 38953838 0
312 39049819 0
313 39188487 0
314 39327163 0
315 39465798 0
316 39561814 0
317 39700483 0
318 39839126 0
319 39935132 0
320 40073823 0
321 40212456 0
322 40297798 0
323 40447136 0
324 40585779 0
325 40671120 0
326 40809795 0
327 40948440 120
328 41097780 0
329 41183096 0
330 41321762 0
331 41460431 0
332 41599117 0
333 41695091 0
334 41833756 0
335 41972434 0
336 42068417 0
337 42207082 0
338 42345765 0
339 42441745 0
340 42580416 0
341 42719092 0
342 42815070 0
343 42953737 0
344 43092413 0
345 43231053 0
346 43316401 0
347 43465734 0
348 43604377 0
349 43689718 0
350 43828398 0
351 43967034 0
352 44063044 0
353 44201721 0
354 44340362 0
355 44436373 0
356 44575049 0
357 44713690 0
358 44852353 0
359 44948368 0
360 45087018 0
361 45225680 0
362 45321696 0
363 45460343 0
364 45599007 0
365 45695019 0
366 45833667 0
367 45972331 0
368 46057680 120
369 46196324 0
370 46334993 0
371 46484345 0
372 46569656 0
373 46708318 0
374 46847000 0
375 46942977 0
376 47081640 0
377 47220336 0
378 47316308 0
379 47454967 0
380 47593657 0
381 47689630 0
382 47828299 0
383 47966973 0
384 48105611 0
385 48201626 0
386 48340298 0
387 48478937 0
388 48564277 0
389 48713625 0
390 48852263 0
391 48937607 0
392 49076281 0
393 49214922 0
394 49310932 0
395 49449605 0
396 49588263 0
397 49726916 0
398 49822929 0
399 49961578 0
400 50100240 0
401 50196260 0
402 50334906 0
403 50473566 0
404 50569580 0
405 50708231 0
406 50846891 0
407 50932240 0
408 51081554 0
409 51220227 120
410 51358902 0
411 51444192 0
412 51582877 0
413 51732230 0
414 51870859 0
415 51956210 0
416 52094881 0
417 52233523 0
418 52329536 0
419 52468213 0
420 52606848 0
421 52702859 0
422 52841534 0
423 52980173 0
424 53076181 0
425 53214859 0
426 53353505 0
427 53492170 0
428 53588181 0
429 53726834 0
430 53865493 0
431 53950840 0
432 54100156 0
433 54238822 0
434 54324164 0
435 54462816 0
436 54601479 0
437 54697492 0
438 54836140 0
439 54974809 0
440 55113488 0
441 55209463 0
442 55348133 0
443 55486813 0
444 55582789 0
445 55721457 0
446 55860142 0
447 55956123 0
448 56094785 0
449 56233468 0
450 56329443 120
451 56468116 0
452 56606784 0
453 56745425 0
454 56830768 0
455 56969445 0
456 57118746 0
457 57204095 0
458 57342778 0
459 57481410 0
460 57577420 0
461 57716099 0
462 57854732 0
463 57950743 0
464 58089422 0
465 58228069 0
466 58366730 0
467 58462746 0
468 58601388 0
469 58740055 0
470 58836067 0
471 58974714 0
472 59113379 0
473 59198726 0
474 59348040 0
475 59486707 0
476 59572049 0
477 59710705 0
478 59849368 0
479 59988049 0
480 60084024 0
481 60222689 0
482 60361374 0
483 60457350 0
484 60596016 0
485 60734709 0
486 60830673 0
487 60969339 0
488 61108026 0
489 61204005 0
490 61342675 0
491 61481346 120
492 61619989 0
493 61715983 0
494 61854643 0
495 61993315 0
496 62131982 0
497 62217329 0
498 62355976 0
499 62505317 0
500 62590654 0
501 62729308 0
502 62867972 0
503 62963983 0
504 63102632 0
505 63241290 0
506 63337310 0
507 63475956 0
508 63614617 0
509 63753310 0
510 63849276 0
511 63987943 0
512 64126637 0
513 64222601 0
514 64361270 0
515 64499954 0
516 64585263 0
517 64734599 0
518 64873282 0
519 64958589 0
520 65097254 0
521 65235937 0
522 65374574 0
523 65470582 0
524 65609256 0
525 65747901 0
526 65843906 0
527 65982578 0
528 66121216 0
529 66217231 0
530 66355906 0
531 66494546 0
532 66590554 120
533 66729236 0
534 66867879 0
535 67006541 0
536 67102559 0
537 67241203 0
538 67379898 0
539 67465215 0
540 67603859 0
541 67753191 0
542 67838542 0
543 67977186 0
544 68115851 0
545 68211873 0
546 68350512 0
547 68489185 0
548 68627862 0
549 68723838 0
550 68862507 0
551 69001187 0
552 69097161 0
553 69235831 0
554 69374512 0
555 69470485 0
556 69609158 0
557 69747834 0
558 69833151 0
559 69982484 0
560 70121170 0
561 70259797 0
562 70345139 0
563 70483814 0
564 70622457 0
565 70718467 0
566 70857145 0
567 70995778 0
568 71091793 0
569 71230463 0
570 71369106 0
571 71465122 0
572 71603794 0
573 71742435 120
574 71881117 0
575 71977092 0
576 72115759 0
577 72254425 0
578 72393118 0
579 72489087 0
580 72627757 0
581 72766440 0
582 72851752 0
583 72990414 0
584 73139769 0
585 73225074 0
586 73363748 0
587 73502426 0
588 73598401 0
589 73737069 0
590 73875748 0
591 74014382 0
592 74110390 0
593 74249064 0
594 74387708 0
595 74483724 0
596 74622395 0
597 74761031 0
598 74857053 0
599 74995721 0
600 75134356 0
601 75219702 0
602 75369044 0
603 75507693 0
604 75646352 0
605 75731703 0
606 75870357 0
607 76009013 0
608 76105029 0
609 76243672 0
610 76382340 0
611 76478354 0
612 76617001 0
613 76755664 0
614 76851674 120
615 76990322 0
616 77128996 0
617 77267670 0
618 77363650 0
619 77502342 0
620 77641001 0
621 77736976 0
622 77875648 0
623 78014324 0
624 78099631 0
625 78238302 0
626 78387649 0
627 78472962 0
628 78611637 0
629 78750303 0
630 78888948 0
631 78984959 0
632 79123629 0
633 79262269 0
634 79358276 0
635 79496957 0
636 79635601 0
637 79731602 0
638 79870284 0
# stall_ms 120  spacing 41
