# mode 2: isolated stalls
# frames 5512  ahead 4  rate 44100  channels 2  events 640
# k  wait_return_us  stall_ms_taken_after
0 0 0
1 138649 0
2 277330 0
3 415979 0
4 501335 0
5 639980 0
6 789304 0
7 874643 0
8 1013314 0
9 1151979 0
10 1247966 0
11 1386632 0
12 1525296 0
13 1621294 0
14 1759962 0
15 1898640 0
16 2037280 0
17 2133278 0
18 2271949 0
19 2410635 0
20 2506610 0
21 2645268 0
22 2783930 0
23 2869289 0
24 3007936 0
25 3157259 0
26 3242596 0
27 3381285 0
28 3519922 0
29 3658578 0
30 3754587 0
31 3893270 0
32 4031910 0
33 4127907 0
34 4266574 0
35 4405265 0
36 4501232 0
37 4639900 0
38 4778554 0
39 4874585 0
40 5013223 220
41 5239226 0
42 5290554 0
43 5386552 0
44 5525204 0
45 5663877 0
46 5802531 0
47 5887889 0
48 6026532 0
49 6175861 0
50 6261196 0
51 6399892 0
52 6538519 0
53 6634518 0
54 6773187 0
55 6911866 0
56 7007846 0
57 7146510 0
58 7285177 0
59 7423867 0
60 7519834 0
61 7658498 0
62 7797158 0
63 7893189 0
64 8031825 0
65 8170488 0
66 8255822 0
67 8405178 0
68 8543809 0
69 8629144 0
70 8767813 0
71 8906495 0
72 9045145 0
73 9141136 0
74 9279803 0
75 9418482 0
76 9514459 0
77 9653124 0
78 9791781 0
79 9887806 0
80 10026448 0
81 10165109 220
82 10389250 0
83 10399803 0
84 10538437 0
85 10677095 0
86 10773100 0
87 10911784 0
88 11050423 0
89 11135759 0
90 11274423 0
91 11423773 0
92 11509084 0
93 11647744 0
94 11786400 0
95 11882424 0
96 12021074 0
97 12159736 0
98 12298390 0
99 12394421 0
100 12533059 0
101 12671715 0
102 12767729 0
103 12906404 0
104 13045047 0
105 13141047 0
106 13279712 0
107 13418397 0
108 13503704 0
109 13642370 0
110 13791703 0
111 13930382 0
112 14015694 0
113 14154361 0
114 14293018 0
115 14389049 0
116 14527686 0
117 14666345 0
118 14762349 0
119 14901032 0
120 15039671 0
121 15135673 0
122 15274335 220
123 15499213 0
124 15551664 0
125 15647658 0
126 15786327 0
127 15925000 0
128 16020985 0
129 16159652 0
130 16298305 0
131 16383665 0
132 16522309 0
133 16660968 0
134 16756969 0
135 16895653 0
136 17034291 0
137 17130291 0
138 17269208 0
139 17407642 0
140 17546285 0
141 17642283 0
142 17780949 0
143 17919627 0
144 18015606 0
145 18154275 0
146 18292933 0
147 18388962 0
148 18527600 0
149 18666256 0
150 18751594 0
151 18890276 0
152 19039586 0
153 19178260 0
154 19263583 0
155 19402265 0
156 19540912 0
157 19636904 0
158 19775573 0
159 19914254 0
160 20010231 0
161 20148895 0
162 20287553 0
163 20383577 220
164 20609235 0
165 20660880 0
166 20799541 0
167 20895567 0
168 21034242 0
169 21172868 0
170 21258216 0
171 21407558 0
172 21546199 0
173 21631527 0
174 21770193 0
175 21908873 0
176 22004852 0
177 22143519 0
178 22282187 0
179 22420867 0
180 22516850 0
181 22655506 0
182 22794163 0
183 22890193 0
184 23028832 0
185 23167491 0
186 23263499 0
187 23402183 0
188 23540828 0
189 23636818 0
190 23775484 0
191 23914169 0
192 24052808 0
193 24138143 0
194 24276809 0
195 24426155 0
196 24511474 0
197 24650132 0
198 24788788 0
199 24884808 0
200 25023458 0
201 25162113 0
202 25258124 0
203 25396799 0
204 25535454 220
205 25759217 0
206 25770114 0
207 25908788 0
208 26047438 0
209 26143433 0
210 26282102 0
211 26420774 0
212 26506099 0
213 26655429 0
214 26794079 0
215 26879439 0
216 27018080 0
217 27156742 0
218 27252746 0
219 27391423 0
220 27530068 0
221 27668733 0
222 27764733 0
223 27903412 0
224 28042055 0
225 28138053 0
226 28276725 0
227 28415419 0
228 28511381 0
229 28650047 0
230 28788699 0
231 28874054 0
232 29023370 0
233 29165739 0
234 29300695 0
235 29386050 0
236 29524691 0
237 29674019 0
238 29759356 0
239 29898038 0
240 30036679 0
241 30132676 0
242 30271351 0
243 30410020 0
244 30506001 0
245 30644675 220
246 30869244 0
247 30922014 0
248 31017993 0
249 31156659 0
250 31295316 0
251 31391338 0
252 31529984 0
253 31668645 0
254 31753980 0
255 31892660 0
256 32041967 0
257 32127302 0
258 32265969 0
259 32404653 0
260 32543289 0
261 32639293 0
262 32777958 0
263 32916637 0
264 33012614 0
265 33151278 0
266 33289938 0
267 33385964 0
268 33524602 0
269 33663267 0
270 33759271 0
271 33897948 0
272 34036597 0
273 34175253 0
274 34271261 0
275 34409943 0
276 34548578 0
277 34633921 0
278 34772579 0
279 34911255 0
280 35007237 0
281 35145904 0
282 35284563 0
283 35380587 0
284 35519235 0
285 35657898 0
286 35796547 220
287 36019203 0
288 36031216 0
289 36169880 0
290 36265883 0
291 36404564 0
292 36543209 0
293 36639212 0
294 36777870 0
295 36916545 0
296 37001862 0
297 37140523 0
298 37289861 0
299 37375186 0
300 37513848 0
301 37652521 0
302 37791173 0
303 37887194 0
304 38025845 0
305 38164499 0
306 38260508 0
307 38399191 0
308 38537831 0
309 38633825 0
310 38772501 0
311 38911173 0
312 39007154 0
313 39145815 0
314 39284508 0
315 39423194 0
316 39508489 0
317 39657801 0
318 39796470 0
319 39883651 0
320 40020474 0
321 40159123 0
322 40255131 0
323 40393815 0
324 40532456 0
325 40628448 0
326 40767121 0
327 40905801 220
328 41129229 0
329 41140438 0
330 41279108 0
331 41417792 0
332 41513765 0
333 41652427 0
334 41791092 0
335 41887110 0
336 42025756 0
337 42164411 0
338 42249752 0
339 42388437 0
340 42527079 0
341 42676402 0
342 42761743 0
343 42900422 0
344 43039062 0
345 43135061 0
346 43273732 0
347 43412410 0
348 43508387 0
349 43647051 0
350 43785710 0
351 43881736 0
352 44020378 0
353 44159045 0
354 44297702 0
355 44393725 0
356 44532367 0
357 44671025 0
358 44756369 0
359 44905713 0
360 45044349 0
361 45129685 0
362 45268350 0
363 45407037 0
364 45503016 0
365 45641672 0
366 45780347 0
367 45919021 0
368 46014998 220
369 46239218 0
370 46292323 0
371 46388346 0
372 46526991 0
373 46665646 0
374 46761658 0
375 46900334 0
376 47038986 0
377 47124306 0
378 47273642 0
379 47412331 0
380 47550965 0
381 47636295 0
382 47774972 0
383 47924317 0
384 48009623 0
385 48148288 0
386 48286946 0
387 48382977 0
388 48521615 0
389 48660271 0
390 48756285 0
391 48894959 0
392 49033598 0
393 49129597 0
394 49268265 0
395 49406978 0
396 49545591 0
397 49641586 0
398 49780263 0
399 49918969 0
400 50004246 0
401 50142908 0
402 50292235 0
403 50377596 0
404 50516243 0
405 50654894 0
406 50750900 0
407 50889586 0
408 51028228 0
409 51166881 220
410 51389223 0
411 51401579 0
412 51540213 0
413 51636210 0
414 51774876 0
415 51913558 0
416 52009538 0
417 52148200 0
418 52286860 0
419 52372221 0
420 52521532 0
421 52660188 0
422 52798855 0
423 52884204 0
424 53022847 0
425 53161509 0
426 53257510 0
427 53396195 0
428 53534839 0
429 53630834 0
430 53769501 0
431 53908183 0
432 54004164 0
433 54142823 0
434 54281491 0
435 54420169 0
436 54516152 0
437 54654811 0
438 54793477 0
439 54889501 0
440 55028144 0
441 55166797 0
442 55252137 0
443 55390819 0
444 55540128 0
445 55625456 0
446 55764125 0
447 55902811 0
448 56041449 0
449 56137448 0
450 56276115 220
451 56499218 0
452 56510771 0
453 56649439 0
454 56788092 0
455 56884122 0
456 57022762 0
457 57161421 0
458 57257423 0
459 57396107 0
460 57534747 0
461 57673414 0
462 57758747 0
463 57908102 0
464 58046735 0
465 58132071 0
466 58270739 0
467 58409430 0
468 58505394 0
469 58644063 0
470 58782719 0
471 58878747 0
472 59017387 0
473 59156045 0
474 59252049 0
475 59390730 0
476 59529386 0
477 59668035 0
478 59764036 0
479 59902727 0
480 60041360 0
481 60137361 0
482 60276024 0
483 60414704 0
484 60500021 0
485 60638684 0
486 60777340 0
487 60873370 0
488 61012008 0
489 61150673 0
490 61289330 0
491 61385350 220
492 61609244 0
493 61662656 0
494 61758664 0
495 61897354 0
496 62035980 0
497 62131979 0
498 62270655 0
499 62409329 0
500 62505309 0
501 62643971 0
502 62782643 0
503 62921324 0
504 63006633 0
505 63155957 0
506 63294620 0
507 63379974 0
508 63518623 0
509 63657281 0
510 63753286 0
511 63891964 0
512 64030612 0
513 64126603 0
514 64265275 0
515 64403955 0
516 64542596 0
517 64638595 0
518 64777262 0
519 64915948 0
520 65011917 0
521 65150584 0
522 65289245 0
523 65374601 0
524 65523914 0
525 65662570 0
526 65747910 0
527 65886592 0
528 66025235 0
529 66174560 0
530 66259898 0
531 66398580 0
532 66537222 220
533 66759229 0
534 66771888 0
535 66910568 0
536 67006550 0
537 67145208 0
538 67283869 0
539 67379893 0
540 67518532 0
541 67657203 0
542 67795856 0
543 67891881 0
544 68030531 0
545 68169181 0
546 68254519 0
547 68393204 0
548 68542508 0
549 68627841 0
550 68766512 0
551 68905191 0
552 69001171 0
553 69139830 0
554 69278495 0
555 69374493 0
556 69513153 0
557 69651835 0
558 69790477 0
559 69886506 0
560 70025150 0
561 70163806 0
562 70259809 0
563 70398494 0
564 70537128 0
565 70622464 0
566 70771803 0
567 70910478 0
568 70995803 0
569 71134454 0
570 71273122 0
571 71411800 0
572 71507785 0
573 71646444 220
574 71869234 0
575 71881129 0
576 72019779 0
577 72158425 0
578 72254435 0
579 72393116 0
580 72531755 0
581 72627755 0
582 72766425 0
583 72905106 0
584 73043748 0
585 73139744 0
586 73278414 0
587 73417088 0
588 73502404 0
589 73641067 0
590 73790394 0
591 73875747 0
592 74014401 0
593 74153054 0
594 74249057 0
595 74387737 0
596 74526383 0
597 74665042 0
598 74761051 0
599 74899728 0
600 75038377 0
601 75134367 0
602 75273036 0
603 75411713 0
604 75507694 0
605 75646359 0
606 75785018 0
607 75870371 0
608 76009030 0
609 76158348 0
610 76297003 0
611 76382356 0
612 76521009 0
613 76659668 0
614 76755676 220
615 76979210 0
616 77033000 0
617 77129003 0
618 77267659 0
619 77406336 0
620 77502319 0
621 77640984 0
622 77779652 0
623 77918331 0
624 78014306 0
625 78152973 0
626 78291625 0
627 78387652 0
628 78526298 0
629 78664958 0
630 78750295 0
631 78888969 0
632 79027611 0
633 79123621 0
634 79262283 0
635 79400964 0
636 79539602 0
637 79635606 0
638 79774285 0
639 79912948 0
# stall_ms 220  spacing 41
