# mode 2: isolated stalls
# frames 5512  ahead 3  rate 44100  channels 2  events 639
# k  wait_return_us  stall_ms_taken_after
0 0 0
1 138652 0
2 277353 0
3 415985 0
4 501324 0
5 640019 0
6 789309 0
7 874651 0
8 1013337 0
9 1151962 0
10 1247976 0
11 1386663 0
12 1525301 0
13 1621295 0
14 1759995 0
15 1898620 0
16 2037285 0
17 2133311 0
18 2271945 0
19 2410616 0
20 2506635 0
21 2645289 0
22 2783940 0
23 2869294 0
24 3007930 0
25 3157266 0
26 3242620 0
27 3381260 0
28 3519926 0
29 3658612 0
30 3754579 0
31 3893248 0
32 4031929 0
33 4127903 0
34 4266579 0
35 4405260 0
36 4501228 0
37 4639903 0
38 4778585 0
39 4874554 0
40 5013228 140
41 5155608 0
42 5290529 0
43 5429215 0
44 5567908 0
45 5706541 0
46 5802541 0
47 5941237 0
48 6079857 0
49 6175868 0
50 6314559 0
51 6453186 0
52 6538528 0
53 6677225 0
54 6815843 0
55 6911850 0
56 7050542 0
57 7189170 0
58 7327860 0
59 7423869 0
60 7562498 0
61 7701171 0
62 7797190 0
63 7935821 0
64 8074491 0
65 8170514 0
66 8309149 0
67 8447819 0
68 8543837 0
69 8682473 0
70 8821148 0
71 8959822 0
72 9045132 0
73 9194464 0
74 9333147 0
75 9418460 0
76 9557125 0
77 9695812 0
78 9791789 0
79 9930455 0
80 10069129 0
81 10165104 140
82 10305606 0
83 10442436 0
84 10581091 0
85 10719775 0
86 10858445 0
87 10954427 0
88 11093091 0
89 11231776 0
90 11327751 0
91 11466421 0
92 11605102 0
93 11701077 0
94 11839747 0
95 11978427 0
96 12063737 0
97 12213070 0
98 12351748 0
99 12490390 0
100 12575729 0
101 12714402 0
102 12853047 0
103 12949056 0
104 13087732 0
105 13226370 0
106 13322380 0
107 13461064 0
108 13599695 0
109 13695705 0
110 13834387 0
111 13973029 0
112 14111689 0
113 14207703 0
114 14346353 0
115 14485021 0
116 14581032 0
117 14719676 0
118 14858342 0
119 14943686 0
120 15082336 0
121 15231667 0
122 15317019 140
123 15465641 0
124 15594307 0
125 15732989 0
126 15871660 0
127 16020984 0
128 16106338 0
129 16244980 0
130 16383644 0
131 16479669 0
132 16618305 0
133 16756965 0
134 16852995 0
135 16991630 0
136 17130293 0
137 17226317 0
138 17364957 0
139 17503629 0
140 17642310 0
141 17738278 0
142 17876953 0
143 18015630 0
144 18100939 0
145 18239599 0
146 18388954 0
147 18474263 0
148 18612935 0
149 18751611 0
150 18847592 0
151 18986256 0
152 19124940 0
153 19263565 0
154 19359582 0
155 19498265 0
156 19636892 0
157 19732906 0
158 19871603 0
159 20010215 0
160 20106230 0
161 20244916 0
162 20383540 0
163 20468888 140
164 20618242 0
165 20756883 0
166 20895547 0
167 20980894 0
168 21119537 0
169 21258203 0
170 21354223 0
171 21492866 0
172 21631536 0
173 21727550 0
174 21866197 0
175 22004850 0
176 22100878 0
177 22239515 0
178 22378181 0
179 22516861 0
180 22612843 0
181 22751502 0
182 22890195 0
183 22986163 0
184 23124831 0
185 23263512 0
186 23348824 0
187 23487491 0
188 23636843 0
189 23722147 0
190 23860823 0
191 23999501 0
192 24138126 0
193 24234140 0
194 24372827 0
195 24511450 0
196 24607470 0
197 24746152 0
198 24884781 0
199 24980790 0
200 25119473 0
201 25258104 0
202 25354114 0
203 25492806 0
204 25631445 140
205 25775606 0
206 25866109 0
207 26004750 0
208 26143429 0
209 26282121 0
210 26367412 0
211 26506089 0
212 26655460 0
213 26740738 0
214 26879418 0
215 27018103 0
216 27114066 0
217 27252734 0
218 27391427 0
219 27492094 0
220 27626069 0
221 27764746 0
222 27903400 0
223 27999387 0
224 28138072 0
225 28276717 0
226 28372716 0
227 28511397 0
228 28650045 0
229 28735385 0
230 28874054 0
231 29023372 0
232 29108699 0
233 29247383 0
234 29386023 0
235 29524693 0
236 29620712 0
237 29759344 0
238 29898015 0
239 29994038 0
240 30132670 0
241 30271344 0
242 30367355 0
243 30505993 0
244 30644671 0
245 30740681 140
246 30885614 0
247 31017990 0
248 31156675 0
249 31252640 0
250 31391317 0
251 31530008 0
252 31615315 0
253 31753974 0
254 31892666 0
255 31988631 0
256 32127301 0
257 32265985 0
258 32361954 0
259 32500623 0
260 32639312 0
261 32777956 0
262 32873948 0
263 33012636 0
264 33151278 0
265 33247273 0
266 33385961 0
267 33524604 0
268 33620601 0
269 33759288 0
270 33897933 0
271 33983266 0
272 34121943 0
273 34271246 0
274 34409921 0
275 34495268 0
276 34633903 0
277 34772581 0
278 34868597 0
279 35007238 0
280 35145903 0
281 35241919 0
282 35380558 0
283 35519232 0
284 35615242 0
285 35753884 0
286 35892551 140
287 36035608 0
288 36127183 0
289 36265870 0
290 36404559 0
291 36543195 0
292 36639201 0
293 36777883 0
294 36916518 0
295 37001870 0
296 37140537 0
297 37289842 0
298 37375183 0
299 37513866 0
300 37652512 0
301 37748511 0
302 37887192 0
303 38025830 0
304 38164507 0
305 38260516 0
306 38399144 0
307 38537836 0
308 38633844 0
309 38772472 0
310 38911159 0
311 39007178 0
312 39145797 0
313 39284487 0
314 39369824 0
315 39508458 0
316 39657807 0
317 39796491 0
318 39881780 0
319 40020468 0
320 40159154 0
321 40255103 0
322 40393785 0
323 40532478 0
324 40628440 0
325 40767113 0
326 40905799 0
327 41001766 140
328 41145604 0
329 41279118 0
330 41417761 0
331 41513762 0
332 41652449 0
333 41791089 0
334 41887089 0
335 42025779 0
336 42164413 0
337 42249746 0
338 42388429 0
339 42527106 0
340 42623073 0
341 42761763 0
342 42900391 0
343 43039077 0
344 43135082 0
345 43273717 0
346 43412396 0
347 43508404 0
348 43647043 0
349 43785726 0
350 43881732 0
351 44020369 0
352 44159051 0
353 44255053 0
354 44393693 0
355 44532365 0
356 44671049 0
357 44756354 0
358 44905689 0
359 45044382 0
360 45129679 0
361 45268347 0
362 45407038 0
363 45502998 0
364 45641674 0
365 45780366 0
366 45876325 0
367 46014995 0
368 46153681 140
369 46295612 0
370 46388295 0
371 46526975 0
372 46665644 0
373 46804323 0
374 46900329 0
375 47038970 0
376 47177654 0
377 47273654 0
378 47412292 0
379 47550973 0
380 47636312 0
381 47774962 0
382 47924304 0
383 48009638 0
384 48148281 0
385 48286952 0
386 48425636 0
387 48521603 0
388 48660276 0
389 48798968 0
390 48894927 0
391 49033598 0
392 49172289 0
393 49268251 0
394 49406923 0
395 49545603 0
396 49641580 0
397 49780252 0
398 49918935 0
399 50057572 0
400 50142915 0
401 50292253 0
402 50430898 0
403 50516229 0
404 50654912 0
405 50793558 0
406 50889559 0
407 51028238 0
408 51166889 0
409 51262884 140
410 51405594 0
411 51540204 0
412 51678887 0
413 51774889 0
414 51913531 0
415 52052203 0
416 52148225 0
417 52286856 0
418 52425534 0
419 52521540 0
420 52660179 0
421 52798862 0
422 52884204 0
423 53022835 0
424 53161515 0
425 53310864 0
426 53396162 0
427 53534831 0
428 53673526 0
429 53769491 0
430 53908161 0
431 54046850 0
432 54142811 0
433 54281488 0
434 54420172 0
435 54516133 0
436 54654810 0
437 54793492 0
438 54932135 0
439 55028134 0
440 55166823 0
441 55305458 0
442 55390794 0
443 55540143 0
444 55678785 0
445 55764121 0
446 55902804 0
447 56041442 0
448 56137447 0
449 56276131 0
450 56414764 140
451 56555604 0
452 56649424 0
453 56788086 0
454 56926765 0
455 57065453 0
456 57161413 0
457 57300089 0
458 57438776 0
459 57534735 0
460 57673413 0
461 57812122 0
462 57908085 0
463 58046737 0
464 58185514 0
465 58270719 0
466 58409398 0
467 58548077 0
468 58697384 0
469 58782718 0
470 58921406 0
471 59060044 0
472 59156046 0
473 59294725 0
474 59433373 0
475 59529366 0
476 59668052 0
477 59806695 0
478 59902699 0
479 60041380 0
480 60180016 0
481 60318695 0
482 60414702 0
483 60553340 0
484 60692022 0
485 60777360 0
486 60926672 0
487 61065357 0
488 61150682 0
489 61289325 0
490 61428004 0
491 61524011 140
492 61665609 0
493 61801323 0
494 61940010 0
495 62035975 0
496 62174648 0
497 62313337 0
498 62409301 0
499 62547974 0
500 62686659 0
501 62782622 0
502 62921301 0
503 63059982 0
504 63155947 0
505 63294626 0
506 63433303 0
507 63571948 0
508 63657282 0
509 63795961 0
510 63945289 0
511 64030608 0
512 64169283 0
513 64307934 0
514 64403932 0
515 64542613 0
516 64681257 0
517 64777258 0
518 64915939 0
519 65054577 0
520 65193254 0
521 65289270 0
522 65427899 0
523 65566581 0
524 65662588 0
525 65801226 0
526 65939910 0
527 66025251 0
528 66174553 0
529 66313238 0
530 66398568 0
531 66537214 0
532 66675883 140
533 66825619 0
534 66910512 0
535 67049202 0
536 67187883 0
537 67326535 0
538 67422531 0
539 67561214 0
540 67699853 0
541 67795855 0
542 67934560 0
543 68073187 0
544 68169181 0
545 68307872 0
546 68446509 0
547 68542508 0
548 68681189 0
549 68819827 0
550 68958506 0
551 69043849 0
552 69182488 0
553 69331837 0
554 69417169 0
555 69555812 0
556 69694492 0
557 69790499 0
558 69929142 0
559 70067818 0
560 70163822 0
561 70302460 0
562 70441138 0
563 70579822 0
564 70675785 0
565 70814458 0
566 70953150 0
567 71049116 0
568 71187783 0
569 71326477 0
570 71411772 0
571 71561109 0
572 71699791 0
573 71785092 140
574 71925617 0
575 72062452 0
576 72201093 0
577 72297094 0
578 72435774 0
579 72574415 0
580 72670422 0
581 72809095 0
582 72947746 0
583 73043741 0
584 73182424 0
585 73321068 0
586 73417071 0
587 73555746 0
588 73694389 0
589 73833063 0
590 73929078 0
591 74067713 0
592 74206395 0
593 74291730 0
594 74430376 0
595 74579719 0
596 74665056 0
597 74803699 0
598 74942378 0
599 75038383 0
600 75177027 0
601 75315693 0
602 75454383 0
603 75550345 0
604 75689022 0
605 75827710 0
606 75923672 0
607 76062343 0
608 76201033 0
609 76296995 0
610 76435675 0
611 76574352 0
612 76659660 0
613 76798330 0
614 76947674 140
615 77095615 0
616 77171632 0
617 77310309 0
618 77448978 0
619 77598318 0
620 77683666 0
621 77822299 0
622 77960981 0
623 78056995 0
624 78195626 0
625 78334303 0
626 78430311 0
627 78568949 0
628 78707633 0
629 78803635 0
630 78942276 0
631 79080946 0
632 79219640 0
633 79315599 0
634 79454275 0
635 79592959 0
636 79678257 0
637 79816930 0
638 79966285 0
# stall_ms 140  spacing 41
