# mode 2: isolated stalls
# frames 5512  ahead 4  rate 44100  channels 2  events 640
# k  wait_return_us  stall_ms_taken_after
0 0 0
1 138659 0
2 277327 0
3 415982 0
4 501338 0
5 639985 0
6 789309 0
7 874646 0
8 1013317 0
9 1151986 0
10 1247973 0
11 1386627 0
12 1525296 0
13 1621298 0
14 1759970 0
15 1898659 0
16 2037280 0
17 2133282 0
18 2271961 0
19 2410631 0
20 2506614 0
21 2645271 0
22 2783936 0
23 2869294 0
24 3007937 0
25 3157263 0
26 3242602 0
27 3381282 0
28 3519924 0
29 3658584 0
30 3754590 0
31 3893270 0
32 4031909 0
33 4127911 0
34 4266579 0
35 4405260 0
36 4501235 0
37 4639901 0
38 4778559 0
39 4874582 0
40 5013227 140
41 5157108 0
42 5290552 0
43 5386573 0
44 5525210 0
45 5663876 0
46 5749210 0
47 5887896 0
48 6026531 0
49 6122535 0
50 6261204 0
51 6399879 0
52 6495857 0
53 6634524 0
54 6773191 0
55 6911869 0
56 7007846 0
57 7146513 0
58 7285175 0
59 7381196 0
60 7519837 0
61 7658498 0
62 7754500 0
63 7893183 0
64 8031820 0
65 8117155 0
66 8255833 0
67 8405174 0
68 8543809 0
69 8629150 0
70 8767811 0
71 8906495 0
72 9002473 0
73 9141134 0
74 9279800 0
75 9375815 0
76 9514461 0
77 9653120 0
78 9749122 0
79 9887807 0
80 10026447 0
81 10165108 140
82 10307105 0
83 10399802 0
84 10538435 0
85 10623776 0
86 10773099 0
87 10911786 0
88 10997093 0
89 11135756 0
90 11274415 0
91 11370447 0
92 11509085 0
93 11647748 0
94 11743747 0
95 11882430 0
96 12021073 0
97 12159732 0
98 12255740 0
99 12394420 0
100 12533055 0
101 12629056 0
102 12767729 0
103 12906406 0
104 13002386 0
105 13141045 0
106 13279706 0
107 13365066 0
108 13503710 0
109 13642368 0
110 13791695 0
111 13877053 0
112 14015696 0
113 14154352 0
114 14250362 0
115 14389040 0
116 14527681 0
117 14623683 0
118 14762351 0
119 14901025 0
120 14997008 0
121 15135667 0
122 15274338 140
123 15417099 0
124 15508999 0
125 15647657 0
126 15786320 0
127 15871671 0
128 16020987 0
129 16159643 0
130 16244978 0
131 16383669 0
132 16522306 0
133 16618304 0
134 16756977 0
135 16895653 0
136 17034295 0
137 17130293 0
138 17268982 0
139 17407642 0
140 17503618 0
141 17642284 0
142 17780941 0
143 17876964 0
144 18015610 0
145 18154267 0
146 18239605 0
147 18388963 0
148 18527598 0
149 18666257 0
150 18751599 0
151 18890278 0
152 19039581 0
153 19124916 0
154 19263584 0
155 19402265 0
156 19498247 0
157 19636911 0
158 19775567 0
159 19871589 0
160 20010232 0
161 20148894 0
162 20287552 0
163 20383583 140
164 20527130 0
165 20660879 0
166 20756894 0
167 20895567 0
168 21034206 0
169 21119539 0
170 21258207 0
171 21407555 0
172 21492866 0
173 21631528 0
174 21770190 0
175 21866214 0
176 22004853 0
177 22143520 0
178 22282180 0
179 22378209 0
180 22516861 0
181 22655502 0
182 22751515 0
183 22890190 0
184 23028828 0
185 23124829 0
186 23263496 0
187 23402174 0
188 23487496 0
189 23636826 0
190 23775491 0
191 23914163 0
192 23999478 0
193 24138140 0
194 24276809 0
195 24372825 0
196 24511468 0
197 24650126 0
198 24746132 0
199 24884818 0
200 25023451 0
201 25119452 0
202 25258119 0
203 25396812 0
204 25535442 140
205 25677096 0
206 25770117 0
207 25908786 0
208 26004771 0
209 26143432 0
210 26282086 0
211 26367449 0
212 26506093 0
213 26655417 0
214 26740755 0
215 26879442 0
216 27018080 0
217 27156737 0
218 27252746 0
219 27391433 0
220 27530067 0
221 27626063 0
222 27764730 0
223 27903415 0
224 27999392 0
225 28138053 0
226 28276714 0
227 28372742 0
228 28511394 0
229 28650041 0
230 28788704 0
231 28874064 0
232 29023371 0
233 29162027 0
234 29247363 0
235 29386049 0
236 29524692 0
237 29620688 0
238 29759354 0
239 29898037 0
240 29994015 0
241 30132675 0
242 30271344 0
243 30410026 0
244 30506002 0
245 30644668 140
246 30787111 0
247 30879356 0
248 31017991 0
249 31156650 0
250 31252659 0
251 31391338 0
252 31529979 0
253 31615311 0
254 31753981 0
255 31892666 0
256 31988616 0
257 32127294 0
258 32265968 0
259 32404651 0
260 32500627 0
261 32639291 0
262 32777950 0
263 32873983 0
264 33012614 0
265 33151273 0
266 33247281 0
267 33385965 0
268 33524600 0
269 33620600 0
270 33759263 0
271 33897962 0
272 34036588 0
273 34121924 0
274 34271256 0
275 34409941 0
276 34495250 0
277 34633914 0
278 34772570 0
279 34868603 0
280 35007240 0
281 35145896 0
282 35241903 0
283 35380585 0
284 35519228 0
285 35657890 0
286 35753886 140
287 35897105 0
288 36031212 0
289 36127213 0
290 36265876 0
291 36404562 0
292 36489876 0
293 36639205 0
294 36777859 0
295 36863223 0
296 37001868 0
297 37140522 0
298 37289850 0
299 37375206 0
300 37513851 0
301 37652509 0
302 37748513 0
303 37887218 0
304 38025833 0
305 38121833 0
306 38260500 0
307 38399185 0
308 38495165 0
309 38633839 0
310 38772493 0
311 38911181 0
312 39007152 0
313 39145814 0
314 39284477 0
315 39369828 0
316 39508478 0
317 39657803 0
318 39743136 0
319 39881824 0
320 40020462 0
321 40116459 0
322 40255124 0
323 40393809 0
324 40532451 0
325 40628451 0
326 40767117 0
327 40905796 140
328 41047116 0
329 41140438 0
330 41279094 0
331 41375122 0
332 41513764 0
333 41652424 0
334 41737761 0
335 41887108 0
336 42025756 0
337 42164409 0
338 42249754 0
339 42388430 0
340 42527074 0
341 42623072 0
342 42761738 0
343 42900417 0
344 42996402 0
345 43135063 0
346 43273720 0
347 43369741 0
348 43508389 0
349 43647047 0
350 43743051 0
351 43881733 0
352 44020380 0
353 44159034 0
354 44255035 0
355 44393723 0
356 44532364 0
357 44617695 0
358 44756367 0
359 44905708 0
360 44991025 0
361 45129684 0
362 45268341 0
363 45364370 0
364 45503007 0
365 45641673 0
366 45780333 0
367 45876356 0
368 46015003 140
369 46157114 0
370 46249663 0
371 46388350 0
372 46526983 0
373 46622988 0
374 46761655 0
375 46900332 0
376 46985650 0
377 47124309 0
378 47273645 0
379 47412317 0
380 47497632 0
381 47636298 0
382 47774956 0
383 47870981 0
384 48009628 0
385 48148281 0
386 48244286 0
387 48382969 0
388 48521608 0
389 48617632 0
390 48756283 0
391 48894960 0
392 49033601 0
393 49129600 0
394 49268265 0
395 49406948 0
396 49502920 0
397 49641589 0
398 49780244 0
399 49865602 0
400 50004246 0
401 50142906 0
402 50238911 0
403 50377595 0
404 50516232 0
405 50654895 0
406 50750900 0
407 50889582 0
408 51028223 0
409 51124219 140
410 51267107 0
411 51401568 0
412 51497549 0
413 51636210 0
414 51774869 0
415 51870893 0
416 52009536 0
417 52148202 0
418 52286868 0
419 52372214 0
420 52521523 0
421 52660185 0
422 52745525 0
423 52884210 0
424 53022841 0
425 53118849 0
426 53257513 0
427 53396190 0
428 53492168 0
429 53630833 0
430 53769496 0
431 53865515 0
432 54004160 0
433 54142826 0
434 54281482 0
435 54377509 0
436 54516144 0
437 54654807 0
438 54740143 0
439 54889496 0
440 55028136 0
441 55113467 0
442 55252134 0
443 55390811 0
444 55486806 0
445 55625456 0
446 55764120 0
447 55902806 0
448 55998782 0
449 56137448 0
450 56276103 140
451 56417083 0
452 56510775 0
453 56649429 0
454 56745437 0
455 56884122 0
456 57022754 0
457 57118763 0
458 57257424 0
459 57396110 0
460 57534742 0
461 57620078 0
462 57758749 0
463 57908089 0
464 57993405 0
465 58132072 0
466 58270728 0
467 58366752 0
468 58505395 0
469 58644051 0
470 58740080 0
471 58878745 0
472 59017381 0
473 59156046 0
474 59252048 0
475 59390736 0
476 59529368 0
477 59625372 0
478 59764036 0
479 59902719 0
480 59988028 0
481 60137370 0
482 60276019 0
483 60361375 0
484 60500020 0
485 60638679 0
486 60777343 0
487 60873365 0
488 61012008 0
489 61150671 0
490 61246670 0
491 61385356 140
492 61527107 0
493 61619990 0
494 61758663 0
495 61897351 0
496 61993322 0
497 62131992 0
498 62270651 0
499 62409326 0
500 62505307 0
501 62643971 0
502 62782632 0
503 62867990 0
504 63006630 0
505 63155960 0
506 63241301 0
507 63379979 0
508 63518614 0
509 63614616 0
510 63753283 0
511 63891965 0
512 63987919 0
513 64126595 0
514 64265275 0
515 64403955 0
516 64499930 0
517 64638595 0
518 64777254 0
519 64873282 0
520 65011919 0
521 65150579 0
522 65235920 0
523 65374599 0
524 65523907 0
525 65609237 0
526 65747909 0
527 65886589 0
528 66025228 0
529 66121227 0
530 66259901 0
531 66398575 0
532 66494554 140
533 66637101 0
534 66771877 0
535 66867905 0
536 67006546 0
537 67145201 0
538 67241229 0
539 67379884 0
540 67518533 0
541 67657191 0
542 67753195 0
543 67891879 0
544 68030518 0
545 68115848 0
546 68254521 0
547 68393195 0
548 68489178 0
549 68627842 0
550 68766498 0
551 68862538 0
552 69001168 0
553 69139831 0
554 69278497 0
555 69374509 0
556 69513157 0
557 69651814 0
558 69747817 0
559 69886500 0
560 70025142 0
561 70121142 0
562 70259814 0
563 70398491 0
564 70483798 0
565 70622462 0
566 70771798 0
567 70910477 0
568 70995789 0
569 71134452 0
570 71273113 0
571 71369136 0
572 71507777 0
573 71646436 140
574 71787112 0
575 71881127 0
576 72019765 0
577 72115765 0
578 72254440 0
579 72393113 0
580 72531753 0
581 72627754 0
582 72766419 0
583 72905103 0
584 72990412 0
585 73139743 0
586 73278409 0
587 73363757 0
588 73502400 0
589 73641060 0
590 73737065 0
591 73875748 0
592 74014391 0
593 74153054 0
594 74249060 0
595 74387735 0
596 74526377 0
597 74622374 0
598 74761047 0
599 74899721 0
600 74995705 0
601 75134366 0
602 75273032 0
603 75369051 0
604 75507691 0
605 75646350 0
606 75731688 0
607 75870372 0
608 76009018 0
609 76158337 0
610 76243677 0
611 76382362 0
612 76520997 0
613 76617001 0
614 76755667 140
615 76897080 0
616 76990329 0
617 77128989 0
618 77267669 0
619 77363676 0
620 77502317 0
621 77640976 0
622 77779635 0
623 77875662 0
624 78014305 0
625 78152961 0
626 78238302 0
627 78387656 0
628 78526288 0
629 78611625 0
630 78750293 0
631 78888968 0
632 78984960 0
633 79123612 0
634 79262278 0
635 79400963 0
636 79496937 0
637 79635602 0
638 79774260 0
639 79870286 0
# stall_ms 140  spacing 41
