# mode 2: isolated stalls
# frames 5512  ahead 3  rate 44100  channels 2  events 639
# k  wait_return_us  stall_ms_taken_after
0 0 0
1 138662 0
2 277355 0
3 415995 0
4 501324 0
5 640022 0
6 789313 0
7 874650 0
8 1013341 0
9 1151970 0
10 1247978 0
11 1386670 0
12 1525286 0
13 1621307 0
14 1759990 0
15 1898622 0
16 2037289 0
17 2133313 0
18 2271949 0
19 2410619 0
20 2506640 0
21 2645293 0
22 2783942 0
23 2869301 0
24 3007931 0
25 3157267 0
26 3242627 0
27 3381264 0
28 3519926 0
29 3658611 0
30 3754583 0
31 3893248 0
32 4031931 0
33 4127907 0
34 4266580 0
35 4405291 0
36 4501232 0
37 4639909 0
38 4778584 0
39 4874556 0
40 5013228 100
41 5151914 0
42 5290549 0
43 5386560 0
44 5525254 0
45 5663876 0
46 5749212 0
47 5887903 0
48 6026531 0
49 6122532 0
50 6261255 0
51 6399857 0
52 6495861 0
53 6634553 0
54 6773185 0
55 6911854 0
56 7007873 0
57 7146510 0
58 7285181 0
59 7381206 0
60 7519835 0
61 7658507 0
62 7754526 0
63 7893163 0
64 8031824 0
65 8117182 0
66 8255820 0
67 8405164 0
68 8543835 0
69 8629142 0
70 8767817 0
71 8906498 0
72 9002468 0
73 9141136 0
74 9279821 0
75 9375796 0
76 9514461 0
77 9653141 0
78 9749122 0
79 9887793 0
80 10026482 0
81 10165105 100
82 10265576 0
83 10399775 0
84 10538427 0
85 10677102 0
86 10815794 0
87 10911764 0
88 11050427 0
89 11189108 0
90 11274421 0
91 11423758 0
92 11562437 0
93 11647750 0
94 11786419 0
95 11925094 0
96 12021070 0
97 12159740 0
98 12298417 0
99 12437062 0
100 12533067 0
101 12671742 0
102 12810384 0
103 12906394 0
104 13045066 0
105 13183708 0
106 13279713 0
107 13418402 0
108 13557036 0
109 13642371 0
110 13791717 0
111 13930364 0
112 14069027 0
113 14154373 0
114 14293022 0
115 14431690 0
116 14527704 0
117 14666345 0
118 14805014 0
119 14901027 0
120 15039673 0
121 15178332 0
122 15274348 100
123 15412995 0
124 15551673 0
125 15690349 0
126 15786328 0
127 15924992 0
128 16063673 0
129 16159649 0
130 16298315 0
131 16437007 0
132 16522309 0
133 16660969 0
134 16810327 0
135 16895637 0
136 17034304 0
137 17172980 0
138 17311618 0
139 17407630 0
140 17546308 0
141 17684940 0
142 17780960 0
143 17919630 0
144 18058271 0
145 18154274 0
146 18292953 0
147 18431597 0
148 18527609 0
149 18666282 0
150 18804932 0
151 18943590 0
152 19039607 0
153 19178248 0
154 19316915 0
155 19402264 0
156 19540911 0
157 19679575 0
158 19775624 0
159 19914234 0
160 20052901 0
161 20148917 0
162 20287559 0
163 20426234 100
164 20564913 0
165 20660864 0
166 20799553 0
167 20938231 0
168 21076870 0
169 21172879 0
170 21311550 0
171 21450194 0
172 21546212 0
173 21684880 0
174 21823527 0
175 21908867 0
176 22058209 0
177 22196848 0
178 22282185 0
179 22420867 0
180 22559511 0
181 22698175 0
182 22794185 0
183 22932839 0
184 23071507 0
185 23167513 0
186 23306164 0
187 23444831 0
188 23540847 0
189 23679485 0
190 23818158 0
191 23914165 0
192 24052813 0
193 24191482 0
194 24330165 0
195 24426143 0
196 24564810 0
197 24703487 0
198 24788792 0
199 24927465 0
200 25066148 0
201 25162124 0
202 25300789 0
203 25439471 0
204 25535457 100
205 25674126 0
206 25812794 0
207 25951436 0
208 26047439 0
209 26186120 0
210 26324755 0
211 26420769 0
212 26559454 0
213 26698083 0
214 26794092 0
215 26932771 0
216 27071407 0
217 27156751 0
218 27295430 0
219 27444740 0
220 27583406 0
221 27668753 0
222 27807397 0
223 27946065 0
224 28042073 0
225 28180725 0
226 28319386 0
227 28415421 0
228 28554046 0
229 28692715 0
230 28788729 0
231 28927377 0
232 29066042 0
233 29204724 0
234 29300697 0
235 29439364 0
236 29578051 0
237 29674025 0
238 29812687 0
239 29951376 0
240 30036679 0
241 30175360 0
242 30314050 0
243 30410009 0
244 30548685 0
245 30687357 100
246 30825996 0
247 30921985 0
248 31060652 0
249 31199328 0
250 31337988 0
251 31434001 0
252 31572648 0
253 31711316 0
254 31807331 0
255 31945980 0
256 32084640 0
257 32180651 0
258 32319300 0
259 32457966 0
260 32543314 0
261 32681960 0
262 32831291 0
263 32969977 0
264 33055306 0
265 33193951 0
266 33332637 0
267 33428606 0
268 33567276 0
269 33705959 0
270 33801935 0
271 33940613 0
272 34079283 0
273 34175272 0
274 34313926 0
275 34452605 0
276 34591247 0
277 34687257 0
278 34825936 0
279 34964574 0
280 35060578 0
281 35199254 0
282 35337898 0
283 35423236 0
284 35561917 0
285 35700553 0
286 35796563 100
287 35935349 0
288 36073883 0
289 36212548 0
290 36308568 0
291 36447211 0
292 36585902 0
293 36681893 0
294 36820534 0
295 36959209 0
296 37055211 0
297 37193861 0
298 37332526 0
299 37428537 0
300 37567187 0
301 37705861 0
302 37844536 0
303 37929844 0
304 38079180 0
305 38217861 0
306 38303166 0
307 38441837 0
308 38580524 0
309 38676498 0
310 38815159 0
311 38953843 0
312 39049826 0
313 39188494 0
314 39327165 0
315 39465804 0
316 39561816 0
317 39700494 0
318 39839141 0
319 39935140 0
320 40073821 0
321 40212456 0
322 40297799 0
323 40447140 0
324 40585783 0
325 40671127 0
326 40809801 0
327 40948446 100
328 41097788 0
329 41183098 0
330 41321763 0
331 41460435 0
332 41599124 0
333 41695093 0
334 41833761 0
335 41972447 0
336 42068424 0
337 42207087 0
338 42345773 0
339 42441751 0
340 42580418 0
341 42719102 0
342 42815074 0
343 42953745 0
344 43092424 0
345 43231055 0
346 43316399 0
347 43465744 0
348 43604386 0
349 43689727 0
350 43828408 0
351 43967046 0
352 44063056 0
353 44201728 0
354 44340366 0
355 44436379 0
356 44575052 0
357 44713698 0
358 44852365 0
359 44948380 0
360 45087029 0
361 45225685 0
362 45321705 0
363 45460348 0
364 45599015 0
365 45695030 0
366 45833673 0
367 45972339 0
368 46057692 100
369 46196331 0
370 46335002 0
371 46484346 0
372 46569659 0
373 46708330 0
374 46847012 0
375 46942984 0
376 47081655 0
377 47220333 0
378 47316305 0
379 47454972 0
380 47593659 0
381 47689638 0
382 47828304 0
383 47966976 0
384 48105623 0
385 48201629 0
386 48340308 0
387 48478941 0
388 48564287 0
389 48713635 0
390 48852272 0
391 48937610 0
392 49076298 0
393 49214928 0
394 49310935 0
395 49449612 0
396 49588260 0
397 49726927 0
398 49822939 0
399 49961586 0
400 50100261 0
401 50196265 0
402 50334910 0
403 50473573 0
404 50569592 0
405 50708237 0
406 50846902 0
407 50932245 0
408 51081565 0
409 51220235 100
410 51358916 0
411 51444197 0
412 51582886 0
413 51732234 0
414 51870870 0
415 51956215 0
416 52094893 0
417 52233532 0
418 52329539 0
419 52468215 0
420 52606858 0
421 52702869 0
422 52841550 0
423 52980178 0
424 53076190 0
425 53214870 0
426 53353512 0
427 53492177 0
428 53588190 0
429 53726839 0
430 53865505 0
431 53950850 0
432 54100162 0
433 54238828 0
434 54324179 0
435 54462822 0
436 54601484 0
437 54697500 0
438 54836151 0
439 54974816 0
440 55113493 0
441 55209474 0
442 55348141 0
443 55486822 0
444 55582795 0
445 55721464 0
446 55860152 0
447 55956123 0
448 56094793 0
449 56233476 0
450 56329452 100
451 56468125 0
452 56606799 0
453 56752035 0
454 56830779 0
455 56969452 0
456 57118756 0
457 57204108 0
458 57342776 0
459 57481417 0
460 57577424 0
461 57716104 0
462 57854741 0
463 57950754 0
464 58089428 0
465 58228077 0
466 58366735 0
467 58462755 0
468 58601397 0
469 58740069 0
470 58836079 0
471 58974724 0
472 59113388 0
473 59198741 0
474 59348051 0
475 59486712 0
476 59572065 0
477 59710703 0
478 59849379 0
479 59988065 0
480 60084030 0
481 60222700 0
482 60361392 0
483 60457359 0
484 60596027 0
485 60734707 0
486 60830685 0
487 60969352 0
488 61108036 0
489 61204017 0
490 61342681 0
491 61481357 100
492 61619996 0
493 61715981 0
494 61854656 0
495 61993329 0
496 62131992 0
497 62217345 0
498 62355986 0
499 62505327 0
500 62590660 0
501 62729308 0
502 62867975 0
503 62963988 0
504 63102630 0
505 63241307 0
506 63337321 0
507 63475962 0
508 63614627 0
509 63753313 0
510 63849286 0
511 63987958 0
512 64126632 0
513 64222617 0
514 64361279 0
515 64499959 0
516 64585301 0
517 64734605 0
518 64873291 0
519 64958601 0
520 65097268 0
521 65235952 0
522 65374581 0
523 65470588 0
524 65609261 0
525 65747903 0
526 65843916 0
527 65982591 0
528 66121230 0
529 66217238 0
530 66355918 0
531 66494556 0
532 66590562 100
533 66729247 0
534 66867909 0
535 67006553 0
536 67102567 0
537 67241209 0
538 67379877 0
539 67465223 0
540 67603872 0
541 67753202 0
542 67838550 0
543 67977204 0
544 68115864 0
545 68211874 0
546 68350523 0
547 68489192 0
548 68627870 0
549 68723843 0
550 68862514 0
551 69001202 0
552 69097170 0
553 69235837 0
554 69374523 0
555 69470496 0
556 69609164 0
557 69747843 0
558 69833166 0
559 69982497 0
560 70121170 0
561 70259806 0
562 70345152 0
563 70483829 0
564 70622467 0
565 70718474 0
566 70857150 0
567 70995796 0
568 71091800 0
569 71230479 0
570 71369117 0
571 71465122 0
572 71603797 0
573 71742448 100
574 71881124 0
575 71977108 0
576 72115767 0
577 72254439 0
578 72393125 0
579 72489097 0
580 72627762 0
581 72766444 0
582 72851755 0
583 72990424 0
584 73139772 0
585 73225085 0
586 73363753 0
587 73502433 0
588 73598412 0
589 73737079 0
590 73875754 0
591 74014390 0
592 74110406 0
593 74249076 0
594 74387721 0
595 74483733 0
596 74622399 0
597 74761042 0
598 74857052 0
599 74995730 0
600 75134372 0
601 75219712 0
602 75369063 0
603 75507707 0
604 75646364 0
605 75731711 0
606 75870355 0
607 76009023 0
608 76105038 0
609 76243684 0
610 76382351 0
611 76478360 0
612 76617010 0
613 76755674 0
614 76851683 100
615 76990336 0
616 77129005 0
617 77267717 0
618 77363666 0
619 77502332 0
620 77641037 0
621 77736991 0
622 77875652 0
623 78014331 0
624 78099649 0
625 78238315 0
626 78387666 0
627 78472973 0
628 78611638 0
629 78750313 0
630 78888954 0
631 78984964 0
632 79123640 0
633 79262278 0
634 79358289 0
635 79496970 0
636 79635605 0
637 79731615 0
638 79870288 0
# stall_ms 100  spacing 41
