# mode 2: isolated stalls
# frames 5512  ahead 3  rate 44100  channels 2  events 639
# k  wait_return_us  stall_ms_taken_after
0 0 0
1 149325 0
2 288017 0
3 426652 0
4 511992 0
5 650675 0
6 799975 0
7 885314 0
8 1024000 0
9 1162637 0
10 1258642 0
11 1397332 0
12 1535958 0
13 1631966 0
14 1770656 0
15 1909287 0
16 2047956 0
17 2143982 0
18 2282613 0
19 2421282 0
20 2517305 0
21 2655941 0
22 2794608 0
23 2879959 0
24 3018597 0
25 3167933 0
26 3253288 0
27 3391921 0
28 3530595 0
29 3669276 0
30 3765244 0
31 3903916 0
32 4042595 0
33 4138577 0
34 4277240 0
35 4415921 0
36 4511898 0
37 4650571 0
38 4789246 0
39 4885226 0
40 5023897 180
41 5210721 0
42 5301186 0
43 5439871 0
44 5578566 0
45 5717208 0
46 5813208 0
47 5951890 0
48 6090530 0
49 6186537 0
50 6325212 0
51 6463855 0
52 6549189 0
53 6687874 0
54 6826518 0
55 6922515 0
56 7061202 0
57 7199839 0
58 7338509 0
59 7434525 0
60 7573162 0
61 7711838 0
62 7807856 0
63 7946488 0
64 8085160 0
65 8181181 0
66 8319812 0
67 8458486 0
68 8554501 0
69 8693138 0
70 8831808 0
71 8970505 0
72 9055795 0
73 9205138 0
74 9343825 0
75 9429117 0
76 9567790 0
77 9706483 0
78 9802443 0
79 9941121 0
80 10079807 0
81 10175777 180
82 10360721 0
83 10453093 0
84 10591759 0
85 10730665 0
86 10869112 0
87 10965087 0
88 11103760 0
89 11242444 0
90 11338411 0
91 11477084 0
92 11615763 0
93 11711736 0
94 11850418 0
95 11989087 0
96 12074395 0
97 12223738 0
98 12362406 0
99 12501067 0
100 12586392 0
101 12725066 0
102 12863722 0
103 12959718 0
104 13098393 0
105 13237049 0
106 13333044 0
107 13471716 0
108 13610369 0
109 13706366 0
110 13845039 0
111 13983693 0
112 14122360 0
113 14218375 0
114 14357015 0
115 14495689 0
116 14591694 0
117 14730340 0
118 14869014 0
119 14954347 0
120 15093000 0
121 15242352 0
122 15327676 180
123 15510731 0
124 15604991 0
125 15743681 0
126 15839649 0
127 15978319 0
128 16117008 0
129 16212981 0
130 16351644 0
131 16490332 0
132 16586295 0
133 16724969 0
134 16863653 0
135 16959625 0
136 17098293 0
137 17236982 0
138 17375620 0
139 17460950 0
140 17610303 0
141 17748949 0
142 17837217 0
143 17972965 0
144 18111605 0
145 18207601 0
146 18346292 0
147 18484932 0
148 18580930 0
149 18719608 0
150 18858251 0
151 18996928 0
152 19092935 0
153 19231574 0
154 19370251 0
155 19466261 0
156 19604902 0
157 19743572 0
158 19839589 0
159 19978230 0
160 20116899 0
161 20202244 0
162 20340884 0
163 20479556 180
164 20660706 0
165 20714181 0
166 20852872 0
167 20991562 0
168 21130196 0
169 21226203 0
170 21364888 0
171 21503522 0
172 21599526 0
173 21738212 0
174 21876848 0
175 21972858 0
176 22111535 0
177 22250181 0
178 22346186 0
179 22484867 0
180 22623492 0
181 22762179 0
182 22858189 0
183 22996822 0
184 23135502 0
185 23220842 0
186 23359478 0
187 23498163 0
188 23594176 0
189 23732799 0
190 23871490 0
191 23967498 0
192 24106126 0
193 24244806 0
194 24383494 0
195 24479451 0
196 24618132 0
197 24756823 0
198 24852777 0
199 24991458 0
200 25130145 0
201 25226107 0
202 25364782 0
203 25503468 0
204 25588762 180
205 25770698 0
206 25876787 0
207 26015433 0
208 26100766 0
209 26239445 0
210 26378092 0
211 26474091 0
212 26612770 0
213 26751417 0
214 26847412 0
215 26986097 0
216 27124741 0
217 27220743 0
218 27359431 0
219 27498063 0
220 27636744 0
221 27732743 0
222 27871386 0
223 28010076 0
224 28095408 0
225 28244713 0
226 28383395 0
227 28468730 0
228 28607370 0
229 28746049 0
230 28842058 0
231 28980696 0
232 29119371 0
233 29258049 0
234 29354025 0
235 29492714 0
236 29631379 0
237 29727343 0
238 29866014 0
239 30004704 0
240 30100675 0
241 30239341 0
242 30378035 0
243 30473994 0
244 30612666 0
245 30751346 180
246 30940734 0
247 30975309 0
248 31113984 0
249 31263312 0
250 31401989 0
251 31487329 0
252 31625970 0
253 31764640 0
254 31860665 0
255 31999299 0
256 32137971 0
257 32233982 0
258 32372628 0
259 32511294 0
260 32607309 0
261 32745947 0
262 32884616 0
263 33023298 0
264 33119276 0
265 33257945 0
266 33396630 0
267 33492596 0
268 33631268 0
269 33769950 0
270 33855251 0
271 33993929 0
272 34132613 0
273 34228580 0
274 34367249 0
275 34505934 0
276 34644573 0
277 34740577 0
278 34879257 0
279 35017898 0
280 35113907 0
281 35252584 0
282 35391220 0
283 35487231 0
284 35625910 0
285 35764547 0
286 35860549 180
287 36050706 0
288 36137875 0
289 36276543 0
290 36361889 0
291 36500535 0
292 36649869 0
293 36735217 0
294 36873855 0
295 37012527 0
296 37108543 0
297 37247186 0
298 37385851 0
299 37481873 0
300 37620535 0
301 37759177 0
302 37897857 0
303 37993831 0
304 38132513 0
305 38271184 0
306 38367156 0
307 38505835 0
308 38644514 0
309 38729816 0
310 38879152 0
311 39017846 0
312 39103138 0
313 39241816 0
314 39380490 0
315 39519136 0
316 39615138 0
317 39753819 0
318 39892455 0
319 39988461 0
320 40127143 0
321 40265786 0
322 40361783 0
323 40500495 0
324 40639105 0
325 40735109 0
326 40873797 0
327 41012435 180
328 41200711 0
329 41247107 0
330 41385750 0
331 41524435 0
332 41663107 0
333 41748415 0
334 41897754 0
335 42036435 0
336 42121739 0
337 42260424 0
338 42399093 0
339 42495073 0
340 42633736 0
341 42772416 0
342 42868392 0
343 43007067 0
344 43145745 0
345 43284388 0
346 43380399 0
347 43519075 0
348 43657707 0
349 43753718 0
350 43892394 0
351 44031034 0
352 44116375 0
353 44265721 0
354 44404359 0
355 44489695 0
356 44628384 0
357 44767022 0
358 44916353 0
359 45001700 0
360 45140343 0
361 45279017 0
362 45375028 0
363 45513673 0
364 45652339 0
365 45748349 0
366 45886995 0
367 46025664 0
368 46121681 180
369 46310723 0
370 46398987 0
371 46537676 0
372 46633642 0
373 46772314 0
374 46911002 0
375 46996300 0
376 47134975 0
377 47284319 0
378 47369626 0
379 47508301 0
380 47646982 0
381 47742954 0
382 47881624 0
383 48020307 0
384 48158965 0
385 48254950 0
386 48393639 0
387 48532280 0
388 48628275 0
389 48766954 0
390 48905594 0
391 49001604 0
392 49140279 0
393 49278924 0
394 49364259 0
395 49513606 0
396 49652249 0
397 49790915 0
398 49876266 0
399 50014902 0
400 50153576 0
401 50249588 0
402 50388230 0
403 50526898 0
404 50622918 0
405 50761554 0
406 50900228 0
407 50996239 0
408 51134880 0
409 51273556 180
410 51460722 0
411 51508185 0
412 51646873 0
413 51785559 0
414 51924195 0
415 52020201 0
416 52158882 0
417 52297522 0
418 52382861 0
419 52532209 0
420 52670850 0
421 52756183 0
422 52894866 0
423 53033504 0
424 53129508 0
425 53268190 0
426 53406827 0
427 53545508 0
428 53641520 0
429 53780153 0
430 53918824 0
431 54014842 0
432 54153479 0
433 54292155 0
434 54388167 0
435 54526808 0
436 54665481 0
437 54750825 0
438 54900128 0
439 55038805 0
440 55177484 0
441 55262788 0
442 55401462 0
443 55550811 0
444 55636121 0
445 55774784 0
446 55913464 0
447 56009440 0
448 56148111 0
449 56286791 0
450 56382766 180
451 56570710 0
452 56660122 0
453 56798754 0
454 56894758 0
455 57033442 0
456 57172081 0
457 57268085 0
458 57406773 0
459 57545415 0
460 57630753 0
461 57769423 0
462 57918732 0
463 58004067 0
464 58142753 0
465 58281398 0
466 58420062 0
467 58516074 0
468 58654720 0
469 58793386 0
470 58889400 0
471 59028038 0
472 59166712 0
473 59262727 0
474 59401365 0
475 59540042 0
476 59636054 0
477 59774694 0
478 59913360 0
479 60052047 0
480 60148014 0
481 60286689 0
482 60425369 0
483 60510673 0
484 60649346 0
485 60788035 0
486 60883995 0
487 61022673 0
488 61161352 0
489 61257325 0
490 61396000 0
491 61534674 180
492 61720726 0
493 61769322 0
494 61907997 0
495 62046641 0
496 62142646 0
497 62281334 0
498 62419965 0
499 62515971 0
500 62654659 0
501 62793296 0
502 62878629 0
503 63017310 0
504 63166615 0
505 63251956 0
506 63390641 0
507 63529275 0
508 63667946 0
509 63763964 0
510 63902599 0
511 64041271 0
512 64137290 0
513 64275926 0
514 64414600 0
515 64510616 0
516 64649253 0
517 64787929 0
518 64883939 0
519 65022579 0
520 65161249 0
521 65299931 0
522 65385232 0
523 65534574 0
524 65673255 0
525 65758564 0
526 65897231 0
527 66035915 0
528 66131881 0
529 66270560 0
530 66409239 0
531 66505212 0
532 66643879 180
533 66830713 0
534 66921200 0
535 67017205 0
536 67155885 0
537 67294528 0
538 67390532 0
539 67529212 0
540 67667851 0
541 67763866 0
542 67902540 0
543 68041177 0
544 68126516 0
545 68265198 0
546 68403843 0
547 68553177 0
548 68638520 0
549 68777166 0
550 68915833 0
551 69011853 0
552 69150492 0
553 69289158 0
554 69385175 0
555 69523812 0
556 69662483 0
557 69758509 0
558 69897137 0
559 70035809 0
560 70174484 0
561 70270465 0
562 70409133 0
563 70547817 0
564 70633120 0
565 70782467 0
566 70921139 0
567 71006444 0
568 71145119 0
569 71283802 0
570 71379770 0
571 71518443 0
572 71657127 0
573 71795771 180
574 71980718 0
575 72030455 0
576 72169086 0
577 72265092 0
578 72403776 0
579 72542415 0
580 72638418 0
581 72777109 0
582 72915738 0
583 73001075 0
584 73150467 0
585 73289058 0
586 73374403 0
587 73513088 0
588 73651719 0
589 73801068 0
590 73886408 0
591 74025047 0
592 74163717 0
593 74259735 0
594 74398373 0
595 74537048 0
596 74633057 0
597 74771697 0
598 74910370 0
599 75006380 0
600 75145020 0
601 75283698 0
602 75422372 0
603 75518354 0
604 75657020 0
605 75795696 0
606 75881011 0
607 76019678 0
608 76169021 0
609 76254332 0
610 76393007 0
611 76531688 0
612 76627658 0
613 76766330 0
614 76905016 180
615 77090726 0
616 77139650 0
617 77278333 0
618 77416977 0
619 77512980 0
620 77651664 0
621 77790301 0
622 77886305 0
623 78024989 0
624 78163623 0
625 78248964 0
626 78398312 0
627 78536959 0
628 78675619 0
629 78760970 0
630 78899612 0
631 79038281 0
632 79134295 0
633 79272934 0
634 79411607 0
635 79507619 0
636 79646261 0
637 79784929 0
638 79880952 0
# stall_ms 180  spacing 41
