# mode 2: isolated stalls
# frames 5512  ahead 3  rate 44100  channels 2  events 640
# k  wait_return_us  stall_ms_taken_after
0 0 0
1 149324 0
2 288027 0
3 426643 0
4 511994 0
5 650685 0
6 799973 0
7 885327 0
8 1024007 0
9 1162629 0
10 1258651 0
11 1397338 0
12 1535954 0
13 1631964 0
14 1770660 0
15 1909298 0
16 2047956 0
17 2143983 0
18 2282620 0
19 2421284 0
20 2517307 0
21 2655941 0
22 2794609 0
23 2879969 0
24 3018601 0
25 3167936 0
26 3253293 0
27 3391932 0
28 3530593 0
29 3669275 0
30 3765249 0
31 3903921 0
32 4042603 0
33 4138571 0
34 4277246 0
35 4415927 0
36 4511900 0
37 4650570 0
38 4789250 0
39 4887679 0
40 5023904 40
41 5162579 0
42 5301208 0
43 5397215 0
44 5535905 0
45 5674527 0
46 5759896 0
47 5898568 0
48 6037189 0
49 6133201 0
50 6271898 0
51 6410512 0
52 6506526 0
53 6645219 0
54 6783852 0
55 6922516 0
56 7018542 0
57 7157176 0
58 7295845 0
59 7391866 0
60 7530499 0
61 7669164 0
62 7765187 0
63 7903827 0
64 8042496 0
65 8127849 0
66 8266491 0
67 8415821 0
68 8554499 0
69 8639818 0
70 8778473 0
71 8917160 0
72 9013135 0
73 9151800 0
74 9290492 0
75 9386458 0
76 9525131 0
77 9663811 0
78 9759797 0
79 9898460 0
80 10037144 0
81 10175762 40
82 10271783 0
83 10410466 0
84 10549089 0
85 10634437 0
86 10783795 0
87 10922418 0
88 11007768 0
89 11146456 0
90 11285080 0
91 11381088 0
92 11519783 0
93 11658413 0
94 11754424 0
95 11893117 0
96 12031754 0
97 12170404 0
98 12266480 0
99 12405060 0
100 12543723 0
101 12639778 0
102 12778380 0
103 12917053 0
104 13013084 0
105 13151706 0
106 13290377 0
107 13375736 0
108 13514361 0
109 13653033 0
110 13802387 0
111 13887688 0
112 14026363 0
113 14165044 0
114 14261015 0
115 14399689 0
116 14538373 0
117 14634337 0
118 14773021 0
119 14911698 0
120 15007673 0
121 15146348 0
122 15285023 40
123 15423657 0
124 15519665 0
125 15658350 0
126 15796985 0
127 15882329 0
128 16031678 0
129 16170314 0
130 16255652 0
131 16394342 0
132 16532967 0
133 16628975 0
134 16767657 0
135 16906290 0
136 17044969 0
137 17140986 0
138 17279615 0
139 17418290 0
140 17514311 0
141 17652943 0
142 17791610 0
143 17887632 0
144 18026266 0
145 18164938 0
146 18250292 0
147 18399596 0
148 18538269 0
149 18676948 0
150 18762250 0
151 18900922 0
152 19050278 0
153 19135574 0
154 19274248 0
155 19412934 0
156 19508896 0
157 19647570 0
158 19786257 0
159 19882225 0
160 20020907 0
161 20159590 0
162 20298222 0
163 20394240 40
164 20532911 0
165 20671543 0
166 20767554 0
167 20906237 0
168 21044871 0
169 21130215 0
170 21268891 0
171 21418203 0
172 21503541 0
173 21642225 0
174 21780854 0
175 21876865 0
176 22015550 0
177 22154177 0
178 22292847 0
179 22388868 0
180 22527502 0
181 22666171 0
182 22762193 0
183 22900829 0
184 23039499 0
185 23135526 0
186 23274151 0
187 23412832 0
188 23498179 0
189 23647476 0
190 23786151 0
191 23924834 0
192 24010150 0
193 24148812 0
194 24287491 0
195 24383460 0
196 24522136 0
197 24660819 0
198 24756783 0
199 24895466 0
200 25034171 0
201 25130114 0
202 25268794 0
203 25407480 0
204 25546109 40
205 25642120 0
206 25780798 0
207 25919430 0
208 26015441 0
209 26154126 0
210 26292757 0
211 26378098 0
212 26516787 0
213 26666080 0
214 26751426 0
215 26890113 0
216 27028739 0
217 27167413 0
218 27263428 0
219 27402061 0
220 27540737 0
221 27636753 0
222 27775385 0
223 27914054 0
224 28010079 0
225 28148713 0
226 28287383 0
227 28383410 0
228 28522042 0
229 28660715 0
230 28799399 0
231 28884695 0
232 29034038 0
233 29172723 0
234 29258021 0
235 29396699 0
236 29535380 0
237 29631350 0
238 29770021 0
239 29908706 0
240 30004673 0
241 30143353 0
242 30282036 0
243 30420665 0
244 30516679 0
245 30655355 40
246 30793989 0
247 30890004 0
248 31028682 0
249 31167319 0
250 31263337 0
251 31402008 0
252 31540645 0
253 31625983 0
254 31764666 0
255 31903295 0
256 31999287 0
257 32137967 0
258 32276627 0
259 32415291 0
260 32511326 0
261 32649949 0
262 32788619 0
263 32884642 0
264 33023272 0
265 33161944 0
266 33257968 0
267 33396598 0
268 33535276 0
269 33631291 0
270 33769926 0
271 33908596 0
272 34047281 0
273 34132584 0
274 34281933 0
275 34420605 0
276 34505909 0
277 34644583 0
278 34783262 0
279 34879233 0
280 35017912 0
281 35156617 0
282 35252561 0
283 35391241 0
284 35529929 0
285 35668553 0
286 35764564 40
287 35903245 0
288 36041878 0
289 36137892 0
290 36276570 0
291 36415203 0
292 36500544 0
293 36649902 0
294 36788527 0
295 36873878 0
296 37012554 0
297 37151186 0
298 37300523 0
299 37385879 0
300 37524507 0
301 37663184 0
302 37759201 0
303 37897835 0
304 38036504 0
305 38132527 0
306 38271164 0
307 38409829 0
308 38505855 0
309 38644486 0
310 38783164 0
311 38921845 0
312 39017806 0
313 39156484 0
314 39295172 0
315 39380466 0
316 39519142 0
317 39668491 0
318 39753792 0
319 39892468 0
320 40031151 0
321 40127121 0
322 40265799 0
323 40404480 0
324 40543112 0
325 40639127 0
326 40777809 0
327 40916439 40
328 41012449 0
329 41151128 0
330 41289831 0
331 41385778 0
332 41524454 0
333 41663093 0
334 41748433 0
335 41897782 0
336 42036411 0
337 42175081 0
338 42260439 0
339 42399069 0
340 42537739 0
341 42633764 0
342 42772397 0
343 42911064 0
344 43007087 0
345 43145718 0
346 43284395 0
347 43380419 0
348 43519045 0
349 43657718 0
350 43753741 0
351 43892370 0
352 44031043 0
353 44169725 0
354 44265699 0
355 44404374 0
356 44543055 0
357 44628361 0
358 44767029 0
359 44916382 0
360 45001678 0
361 45140358 0
362 45279047 0
363 45375008 0
364 45513683 0
365 45652371 0
366 45791004 0
367 45887014 0
368 46025694 40
369 46164323 0
370 46260340 0
371 46399023 0
372 46537647 0
373 46633670 0
374 46772343 0
375 46910979 0
376 46996314 0
377 47135000 0
378 47284301 0
379 47422972 0
380 47508325 0
381 47646961 0
382 47785628 0
383 47881652 0
384 48020280 0
385 48158951 0
386 48254975 0
387 48393609 0
388 48532277 0
389 48628296 0
390 48766936 0
391 48905612 0
392 49044287 0
393 49140256 0
394 49278935 0
395 49417621 0
396 49513580 0
397 49652255 0
398 49790946 0
399 49876243 0
400 50014914 0
401 50153594 0
402 50249568 0
403 50388255 0
404 50526928 0
405 50665560 0
406 50761575 0
407 50900256 0
408 51038884 0
409 51134893 40
410 51273578 0
411 51412218 0
412 51508226 0
413 51646898 0
414 51785540 0
415 51881553 0
416 52020231 0
417 52158858 0
418 52297533 0
419 52382889 0
420 52532186 0
421 52670851 0
422 52756213 0
423 52894842 0
424 53033516 0
425 53129530 0
426 53268171 0
427 53406841 0
428 53502864 0
429 53641492 0
430 53780168 0
431 53876189 0
432 54014818 0
433 54153489 0
434 54292175 0
435 54388144 0
436 54526819 0
437 54665495 0
438 54750808 0
439 54900145 0
440 55038828 0
441 55124125 0
442 55262811 0
443 55401500 0
444 55497454 0
445 55636130 0
446 55774816 0
447 55913449 0
448 56009457 0
449 56148136 0
450 56286775 40
451 56382782 0
452 56521469 0
453 56660097 0
454 56756113 0
455 56894791 0
456 57033424 0
457 57129430 0
458 57268110 0
459 57406743 0
460 57545417 0
461 57630769 0
462 57769412 0
463 57918740 0
464 58004100 0
465 58142729 0
466 58281399 0
467 58377428 0
468 58516052 0
469 58654724 0
470 58750757 0
471 58889381 0
472 59028059 0
473 59166736 0
474 59262707 0
475 59401386 0
476 59540065 0
477 59636028 0
478 59774712 0
479 59913392 0
480 59998688 0
481 60148027 0
482 60286715 0
483 60372017 0
484 60510700 0
485 60649371 0
486 60788017 0
487 60884026 0
488 61022706 0
489 61161334 0
490 61257350 0
491 61396029 40
492 61534662 0
493 61630668 0
494 61769350 0
495 61907988 0
496 62003997 0
497 62142676 0
498 62281309 0
499 62419981 0
500 62516006 0
501 62654633 0
502 62793310 0
503 62878659 0
504 63017294 0
505 63166630 0
506 63251986 0
507 63390618 0
508 63529291 0
509 63625308 0
510 63763944 0
511 63902625 0
512 63998616 0
513 64137261 0
514 64275944 0
515 64414626 0
516 64510593 0
517 64649263 0
518 64787947 0
519 64883919 0
520 65022591 0
521 65161271 0
522 65246575 0
523 65385256 0
524 65534613 0
525 65619902 0
526 65758583 0
527 65897268 0
528 66035894 0
529 66131906 0
530 66270588 0
531 66409223 0
532 66505229 40
533 66643912 0
534 66782547 0
535 66878563 0
536 67017241 0
537 67155872 0
538 67251883 0
539 67390568 0
540 67529193 0
541 67667867 0
542 67763887 0
543 67902521 0
544 68041187 0
545 68126544 0
546 68265183 0
547 68403851 0
548 68499886 0
549 68638503 0
550 68777175 0
551 68873208 0
552 69011829 0
553 69150503 0
554 69289182 0
555 69385154 0
556 69523829 0
557 69662509 0
558 69758480 0
559 69897161 0
560 70035837 0
561 70131799 0
562 70270479 0
563 70409164 0
564 70494461 0
565 70633143 0
566 70782496 0
567 70921129 0
568 71006466 0
569 71145142 0
570 71283780 0
571 71379810 0
572 71518454 0
573 71657110 40
574 71753118 0
575 71891809 0
576 72030429 0
577 72126441 0
578 72265126 0
579 72403755 0
580 72542425 0
581 72638446 0
582 72777082 0
583 72915761 0
584 73001108 0
585 73150406 0
586 73289077 0
587 73374433 0
588 73513066 0
589 73651738 0
590 73747756 0
591 73886387 0
592 74025070 0
593 74163747 0
594 74259712 0
595 74398392 0
596 74537075 0
597 74633042 0
598 74771714 0
599 74910409 0
600 75006364 0
601 75145043 0
602 75283720 0
603 75379691 0
604 75518371 0
605 75657061 0
606 75742347 0
607 75881031 0
608 76019712 0
609 76169016 0
610 76254356 0
611 76393039 0
612 76531671 0
613 76627676 0
614 76766363 40
615 76904998 0
616 77001008 0
617 77139683 0
618 77278317 0
619 77374333 0
620 77513017 0
621 77651643 0
622 77790313 0
623 77886338 0
624 78024970 0
625 78163638 0
626 78248992 0
627 78398293 0
628 78536963 0
629 78622316 0
630 78760954 0
631 78899620 0
632 78995654 0
633 79134275 0
634 79272956 0
635 79411637 0
636 79507600 0
637 79646275 0
638 79784958 0
639 79880927 0
# stall_ms 40  spacing 41
