# mode 2: isolated stalls
# frames 5512  ahead 4  rate 44100  channels 2  events 640
# k  wait_return_us  stall_ms_taken_after
0 0 0
1 138654 0
2 277327 0
3 415985 0
4 501341 0
5 639982 0
6 789306 0
7 874651 0
8 1013318 0
9 1151991 0
10 1247966 0
11 1386631 0
12 1525300 0
13 1621300 0
14 1759967 0
15 1898645 0
16 2037282 0
17 2133280 0
18 2271956 0
19 2410637 0
20 2506614 0
21 2645271 0
22 2783935 0
23 2869294 0
24 3007943 0
25 3157262 0
26 3242598 0
27 3381284 0
28 3519926 0
29 3658586 0
30 3754592 0
31 3893271 0
32 4031912 0
33 4127908 0
34 4266577 0
35 4405258 0
36 4501239 0
37 4639900 0
38 4778558 0
39 4874585 0
40 5013233 180
41 5198045 0
42 5290549 0
43 5386575 0
44 5525217 0
45 5663878 0
46 5749215 0
47 5887914 0
48 6026536 0
49 6122536 0
50 6261201 0
51 6399885 0
52 6495861 0
53 6634521 0
54 6773194 0
55 6911872 0
56 7007862 0
57 7146513 0
58 7285170 0
59 7381196 0
60 7519841 0
61 7658496 0
62 7754506 0
63 7893181 0
64 8031828 0
65 8117157 0
66 8255824 0
67 8405172 0
68 8543814 0
69 8629156 0
70 8767826 0
71 8906490 0
72 9002481 0
73 9141137 0
74 9279793 0
75 9375819 0
76 9514462 0
77 9653124 0
78 9749130 0
79 9887820 0
80 10026457 0
81 10165110 180
82 10348049 0
83 10399804 0
84 10538437 0
85 10623772 0
86 10773105 0
87 10911784 0
88 10997096 0
89 11135765 0
90 11274418 0
91 11370445 0
92 11509089 0
93 11647753 0
94 11743756 0
95 11882433 0
96 12021082 0
97 12159733 0
98 12255737 0
99 12394420 0
100 12533060 0
101 12629063 0
102 12767747 0
103 12906407 0
104 13002387 0
105 13141054 0
106 13279705 0
107 13365067 0
108 13503710 0
109 13642374 0
110 13791697 0
111 13877055 0
112 14015696 0
113 14154362 0
114 14250364 0
115 14389047 0
116 14527682 0
117 14623686 0
118 14762355 0
119 14901031 0
120 14997007 0
121 15135674 0
122 15274338 180
123 15458024 0
124 15509002 0
125 15647662 0
126 15786321 0
127 15871678 0
128 16020989 0
129 16159649 0
130 16244984 0
131 16383667 0
132 16522304 0
133 16618307 0
134 16756972 0
135 16895659 0
136 17034293 0
137 17130300 0
138 17268963 0
139 17407640 0
140 17503619 0
141 17642288 0
142 17780947 0
143 17876969 0
144 18015609 0
145 18154274 0
146 18239610 0
147 18388960 0
148 18527600 0
149 18666261 0
150 18751610 0
151 18890293 0
152 19039585 0
153 19124923 0
154 19263588 0
155 19402268 0
156 19498250 0
157 19636906 0
158 19775568 0
159 19871593 0
160 20010236 0
161 20148902 0
162 20287555 0
163 20383577 180
164 20568052 0
165 20660881 0
166 20756885 0
167 20895571 0
168 21034209 0
169 21119549 0
170 21258209 0
171 21407553 0
172 21492866 0
173 21631531 0
174 21770189 0
175 21866220 0
176 22004864 0
177 22143529 0
178 22282179 0
179 22378207 0
180 22516846 0
181 22655508 0
182 22751511 0
183 22890200 0
184 23028835 0
185 23124842 0
186 23263501 0
187 23402178 0
188 23487492 0
189 23636820 0
190 23775491 0
191 23914169 0
192 23999483 0
193 24138152 0
194 24276802 0
195 24372824 0
196 24511470 0
197 24650129 0
198 24746134 0
199 24884822 0
200 25023461 0
201 25119454 0
202 25258127 0
203 25396806 0
204 25535445 180
205 25718028 0
206 25770115 0
207 25908793 0
208 26004775 0
209 26143433 0
210 26282094 0
211 26367450 0
212 26506095 0
213 26655418 0
214 26740754 0
215 26879454 0
216 27018090 0
217 27156743 0
218 27252748 0
219 27391429 0
220 27530068 0
221 27626066 0
222 27764734 0
223 27903421 0
224 27999394 0
225 28138058 0
226 28276719 0
227 28372746 0
228 28511385 0
229 28650044 0
230 28788737 0
231 28874062 0
232 29023373 0
233 29162030 0
234 29247371 0
235 29386058 0
236 29524693 0
237 29620692 0
238 29759358 0
239 29898043 0
240 29994018 0
241 30132682 0
242 30271351 0
243 30410024 0
244 30506005 0
245 30644672 180
246 30828043 0
247 30879363 0
248 31018001 0
249 31156651 0
250 31252663 0
251 31391346 0
252 31529980 0
253 31615314 0
254 31753984 0
255 31892665 0
256 31988624 0
257 32127299 0
258 32265974 0
259 32404648 0
260 32500629 0
261 32639292 0
262 32777955 0
263 32873974 0
264 33012625 0
265 33151278 0
266 33247289 0
267 33385965 0
268 33524605 0
269 33620603 0
270 33759271 0
271 33897954 0
272 34036597 0
273 34121923 0
274 34271267 0
275 34409941 0
276 34495258 0
277 34633918 0
278 34772570 0
279 34868599 0
280 35007243 0
281 35145897 0
282 35241911 0
283 35380589 0
284 35519231 0
285 35657890 0
286 35753894 180
287 35938028 0
288 36031217 0
289 36127215 0
290 36265890 0
291 36404561 0
292 36489876 0
293 36639208 0
294 36777862 0
295 36863224 0
296 37001871 0
297 37140529 0
298 37289860 0
299 37375209 0
300 37513854 0
301 37652511 0
302 37748516 0
303 37887207 0
304 38025843 0
305 38121842 0
306 38260507 0
307 38399193 0
308 38495163 0
309 38633830 0
310 38772495 0
311 38911201 0
312 39007155 0
313 39145820 0
314 39284483 0
315 39369830 0
316 39508478 0
317 39657830 0
318 39743138 0
319 39881825 0
320 40020464 0
321 40116464 0
322 40255131 0
323 40393814 0
324 40532452 0
325 40628450 0
326 40767117 0
327 40905797 180
328 41088069 0
329 41140444 0
330 41279101 0
331 41375132 0
332 41513782 0
333 41652428 0
334 41737776 0
335 41887118 0
336 42025761 0
337 42164413 0
338 42249759 0
339 42388444 0
340 42527072 0
341 42623077 0
342 42761750 0
343 42900420 0
344 42996402 0
345 43135068 0
346 43273726 0
347 43369752 0
348 43508390 0
349 43647049 0
350 43743054 0
351 43881745 0
352 44020382 0
353 44159039 0
354 44255048 0
355 44393734 0
356 44532366 0
357 44617694 0
358 44756367 0
359 44905714 0
360 44991026 0
361 45129690 0
362 45268344 0
363 45364381 0
364 45503014 0
365 45641675 0
366 45780333 0
367 45876363 0
368 46015005 180
369 46198038 0
370 46249668 0
371 46388359 0
372 46526987 0
373 46622991 0
374 46761656 0
375 46900342 0
376 46985648 0
377 47124312 0
378 47273646 0
379 47412327 0
380 47497634 0
381 47636298 0
382 47774956 0
383 47870984 0
384 48009627 0
385 48148288 0
386 48244289 0
387 48382982 0
388 48521610 0
389 48617609 0
390 48756280 0
391 48894965 0
392 49033608 0
393 49129606 0
394 49268267 0
395 49406957 0
396 49502925 0
397 49641589 0
398 49780249 0
399 49865607 0
400 50004251 0
401 50142907 0
402 50238912 0
403 50377597 0
404 50516238 0
405 50654896 0
406 50750898 0
407 50889586 0
408 51028225 0
409 51124225 180
410 51308048 0
411 51401583 0
412 51497549 0
413 51636213 0
414 51774868 0
415 51870904 0
416 52009543 0
417 52148204 0
418 52286862 0
419 52372219 0
420 52521531 0
421 52660183 0
422 52745524 0
423 52884204 0
424 53022850 0
425 53118848 0
426 53257513 0
427 53396191 0
428 53492179 0
429 53630834 0
430 53769497 0
431 53865520 0
432 54004167 0
433 54142825 0
434 54281484 0
435 54377511 0
436 54516154 0
437 54654809 0
438 54740148 0
439 54889498 0
440 55028139 0
441 55113465 0
442 55252140 0
443 55390817 0
444 55486802 0
445 55625457 0
446 55764125 0
447 55902805 0
448 55998785 0
449 56137447 0
450 56276109 180
451 56458060 0
452 56510776 0
453 56649432 0
454 56745441 0
455 56884144 0
456 57022759 0
457 57118760 0
458 57257432 0
459 57396107 0
460 57534752 0
461 57620080 0
462 57758752 0
463 57908091 0
464 57993411 0
465 58132071 0
466 58270730 0
467 58366761 0
468 58505408 0
469 58644054 0
470 58740060 0
471 58878743 0
472 59017388 0
473 59156057 0
474 59252051 0
475 59390733 0
476 59529379 0
477 59625375 0
478 59764040 0
479 59902721 0
480 59988033 0
481 60137362 0
482 60276024 0
483 60361379 0
484 60500027 0
485 60638683 0
486 60777341 0
487 60873371 0
488 61012012 0
489 61150668 0
490 61246674 0
491 61385358 180
492 61568051 0
493 61619995 0
494 61758663 0
495 61897344 0
496 61993323 0
497 62131988 0
498 62270654 0
499 62409332 0
500 62505309 0
501 62643977 0
502 62782634 0
503 62867992 0
504 63006635 0
505 63155959 0
506 63241301 0
507 63379980 0
508 63518625 0
509 63614619 0
510 63753284 0
511 63891972 0
512 63987921 0
513 64126603 0
514 64265279 0
515 64403955 0
516 64499933 0
517 64638601 0
518 64777255 0
519 64873281 0
520 65011920 0
521 65150582 0
522 65235920 0
523 65374600 0
524 65523906 0
525 65609246 0
526 65747910 0
527 65886585 0
528 66025230 0
529 66121236 0
530 66259904 0
531 66398577 0
532 66494554 180
533 66678041 0
534 66771880 0
535 66867902 0
536 67006547 0
537 67145203 0
538 67241211 0
539 67379895 0
540 67518531 0
541 67657196 0
542 67753197 0
543 67891879 0
544 68030521 0
545 68115854 0
546 68254523 0
547 68393200 0
548 68489181 0
549 68627878 0
550 68766502 0
551 68862525 0
552 69001169 0
553 69139834 0
554 69278504 0
555 69374519 0
556 69513158 0
557 69651822 0
558 69747805 0
559 69886484 0
560 70025142 0
561 70121144 0
562 70259814 0
563 70398494 0
564 70483800 0
565 70622475 0
566 70771802 0
567 70910482 0
568 70995793 0
569 71134454 0
570 71273117 0
571 71369142 0
572 71507827 0
573 71646442 180
574 71828051 0
575 71881129 0
576 72019769 0
577 72115764 0
578 72254437 0
579 72393124 0
580 72531757 0
581 72627792 0
582 72766429 0
583 72905103 0
584 72990415 0
585 73139746 0
586 73278407 0
587 73363768 0
588 73502405 0
589 73641071 0
590 73737071 0
591 73875752 0
592 74014392 0
593 74153052 0
594 74249058 0
595 74387753 0
596 74526383 0
597 74622380 0
598 74761052 0
599 74899725 0
600 74995705 0
601 75134367 0
602 75273029 0
603 75369058 0
604 75507696 0
605 75646361 0
606 75731691 0
607 75870381 0
608 76009019 0
609 76158341 0
610 76243682 0
611 76382369 0
612 76521001 0
613 76617002 0
614 76755672 180
615 76938028 0
616 76990331 0
617 77128992 0
618 77267656 0
619 77363677 0
620 77502321 0
621 77640979 0
622 77779641 0
623 77875664 0
624 78014306 0
625 78152968 0
626 78238302 0
627 78387660 0
628 78526295 0
629 78611625 0
630 78750299 0
631 78888973 0
632 78984952 0
633 79123613 0
634 79262282 0
635 79400974 0
636 79496942 0
637 79635602 0
638 79774266 0
639 79870288 0
# stall_ms 180  spacing 41
