# mode 2: isolated stalls
# frames 5512  ahead 4  rate 44100  channels 2  events 637
# k  wait_return_us  stall_ms_taken_after
0 0 0
1 138660 0
2 277331 0
3 415989 0
4 501344 0
5 640002 0
6 789316 0
7 874655 0
8 1013320 0
9 1151992 0
10 1247976 0
11 1386632 0
12 1525302 0
13 1621308 0
14 1759972 0
15 1898653 0
16 2037281 0
17 2133289 0
18 2271963 0
19 2410638 0
20 2506617 0
21 2645283 0
22 2783941 0
23 2869294 0
24 3007940 0
25 3157269 0
26 3242609 0
27 3381290 0
28 3519933 0
29 3658595 0
30 3754594 0
31 3893274 0
32 4031916 0
33 4127916 0
34 4266585 0
35 4405264 0
36 4501240 0
37 4639906 0
38 4778568 0
39 4874582 0
40 5013234 260
41 5277702 0
42 5290565 0
43 5386556 0
44 5525213 0
45 5663892 0
46 5802539 0
47 5887896 0
48 6026559 0
49 6175868 0
50 6261207 0
51 6399890 0
52 6538528 0
53 6634524 0
54 6773198 0
55 6911872 0
56 7007853 0
57 7146520 0
58 7285189 0
59 7423868 0
60 7519845 0
61 7658505 0
62 7797168 0
63 7893192 0
64 8031843 0
65 8170498 0
66 8255830 0
67 8405186 0
68 8543817 0
69 8629152 0
70 8767826 0
71 8906501 0
72 9045141 0
73 9141140 0
74 9279815 0
75 9418502 0
76 9514468 0
77 9653132 0
78 9791788 0
79 9887811 0
80 10026456 0
81 10165112 260
82 10427718 0
83 10427985 0
84 10538427 0
85 10677103 0
86 10815777 0
87 10954455 0
88 11050437 0
89 11189099 0
90 11327759 0
91 11423783 0
92 11562423 0
93 11701078 0
94 11786424 0
95 11925108 0
96 12063739 0
97 12159742 0
98 12298414 0
99 12437097 0
100 12575731 0
101 12671730 0
102 12810404 0
103 12949077 0
104 13045057 0
105 13183722 0
106 13322380 0
107 13418406 0
108 13557048 0
109 13695703 0
110 13791714 0
111 13930392 0
112 14069034 0
113 14207693 0
114 14293029 0
115 14431718 0
116 14581023 0
117 14666353 0
118 14805022 0
119 14943700 0
120 15039681 0
121 15178345 0
122 15317001 260
123 15577697 0
124 15578010 0
125 15690311 0
126 15828998 0
127 15967686 0
128 16106328 0
129 16202325 0
130 16340990 0
131 16479675 0
132 16575649 0
133 16714308 0
134 16852972 0
135 16948996 0
136 17087640 0
137 17226296 0
138 17311631 0
139 17450320 0
140 17599636 0
141 17738284 0
142 17823627 0
143 17962310 0
144 18100945 0
145 18196943 0
146 18335612 0
147 18474291 0
148 18570275 0
149 18708934 0
150 18847859 0
151 18943617 0
152 19082261 0
153 19220922 0
154 19359581 0
155 19455628 0
156 19594251 0
157 19732910 0
158 19828920 0
159 19967599 0
160 20106233 0
161 20191569 0
162 20330235 0
163 20468915 260
164 20737728 0
165 20738005 0
166 20842205 0
167 20980886 0
168 21119550 0
169 21258206 0
170 21354207 0
171 21492900 0
172 21631533 0
173 21727535 0
174 21866203 0
175 22004885 0
176 22100860 0
177 22239524 0
178 22378184 0
179 22474208 0
180 22612856 0
181 22751511 0
182 22890179 0
183 22986193 0
184 23124841 0
185 23263497 0
186 23348831 0
187 23487531 0
188 23636827 0
189 23722156 0
190 23860829 0
191 23999507 0
192 24095483 0
193 24234149 0
194 24372812 0
195 24511492 0
196 24607507 0
197 24746138 0
198 24884802 0
199 24980820 0
200 25119465 0
201 25258121 0
202 25354117 0
203 25492809 0
204 25631450 260
205 25897707 0
206 25898007 0
207 26004776 0
208 26143437 0
209 26282106 0
210 26420766 0
211 26506120 0
212 26655433 0
213 26794084 0
214 26879429 0
215 27018105 0
216 27156748 0
217 27252752 0
218 27391409 0
219 27530095 0
220 27626081 0
221 27764745 0
222 27903408 0
223 28042082 0
224 28138065 0
225 28276731 0
226 28415383 0
227 28511416 0
228 28650059 0
229 28788711 0
230 28874044 0
231 29023402 0
232 29162040 0
233 29247372 0
234 29386035 0
235 29524747 0
236 29674029 0
237 29759364 0
238 29898031 0
239 30036705 0
240 30132684 0
241 30271355 0
242 30410008 0
243 30506035 0
244 30644680 0
245 30783332 260
246 31047740 0
247 31048014 0
248 31156635 0
249 31295322 0
250 31433994 0
251 31572674 0
252 31668654 0
253 31807316 0
254 31945983 0
255 32041999 0
256 32180638 0
257 32319300 0
258 32404639 0
259 32543324 0
260 32681961 0
261 32777966 0
262 32916627 0
263 33055317 0
264 33193949 0
265 33289953 0
266 33428618 0
267 33567299 0
268 33663271 0
269 33801942 0
270 33940606 0
271 34036625 0
272 34175258 0
273 34313925 0
274 34409928 0
275 34548615 0
276 34687253 0
277 34825916 0
278 34911252 0
279 35060606 0
280 35199241 0
281 35284574 0
282 35423243 0
283 35561923 0
284 35657898 0
285 35796563 0
286 35935220 260
287 36197702 0
288 36198016 0
289 36308531 0
290 36447210 0
291 36585907 0
292 36724541 0
293 36820540 0
294 36959207 0
295 37097888 0
296 37193865 0
297 37332532 0
298 37471189 0
299 37567217 0
300 37705859 0
301 37844515 0
302 37929846 0
303 38079214 0
304 38217845 0
305 38356505 0
306 38441839 0
307 38580530 0
308 38719167 0
309 38815167 0
310 38953826 0
311 39092513 0
312 39188489 0
313 39327155 0
314 39465813 0
315 39561840 0
316 39700492 0
317 39839146 0
318 39977805 0
319 40073839 0
320 40212466 0
321 40351132 0
322 40447129 0
323 40585819 0
324 40724458 0
325 40809786 0
326 40948454 0
327 41097804 260
328 41367729 0
329 41368011 0
330 41460411 0
331 41599103 0
332 41737777 0
333 41887093 0
334 41972423 0
335 42111121 0
336 42249752 0
337 42345752 0
338 42484414 0
339 42623103 0
340 42719084 0
341 42857744 0
342 42996404 0
343 43092432 0
344 43231075 0
345 43369727 0
346 43508396 0
347 43604418 0
348 43743065 0
349 43881717 0
350 43967044 0
351 44116410 0
352 44255040 0
353 44340380 0
354 44479037 0
355 44617731 0
356 44713707 0
357 44852368 0
358 44991025 0
359 45129718 0
360 45225693 0
361 45364354 0
362 45503014 0
363 45599043 0
364 45737688 0
365 45876342 0
366 45972337 0
367 46111037 0
368 46249665 260
369 46517693 0
370 46517980 0
371 46622996 0
372 46761653 0
373 46900330 0
374 47038984 0
375 47124344 0
376 47273649 0
377 47412309 0
378 47497654 0
379 47636333 0
380 47774967 0
381 47870974 0
382 48009633 0
383 48148317 0
384 48244295 0
385 48382962 0
386 48521623 0
387 48660301 0
388 48756284 0
389 48894954 0
390 49033606 0
391 49129638 0
392 49268273 0
393 49406932 0
394 49502930 0
395 49641621 0
396 49780265 0
397 49865598 0
398 50004255 0
399 50142951 0
400 50292253 0
401 50377587 0
402 50516240 0
403 50654930 0
404 50750910 0
405 50889577 0
406 51028229 0
407 51124259 0
408 51262898 0
409 51401557 260
410 51667721 0
411 51667985 0
412 51774860 0
413 51913545 0
414 52052215 0
415 52190899 0
416 52286868 0
417 52425537 0
418 52564194 0
419 52660223 0
420 52798857 0
421 52937531 0
422 53022858 0
423 53161550 0
424 53310850 0
425 53396179 0
426 53534851 0
427 53673533 0
428 53812173 0
429 53908172 0
430 54046835 0
431 54185520 0
432 54281493 0
433 54420162 0
434 54558820 0
435 54654846 0
436 54793488 0
437 54932149 0
438 55028152 0
439 55166843 0
440 55305473 0
441 55444134 0
442 55540140 0
443 55678829 0
444 55817477 0
445 55902797 0
446 56041464 0
447 56180147 0
448 56276115 0
449 56414785 0
450 56553441 260
451 56817694 0
452 56818008 0
453 56926754 0
454 57065429 0
455 57204134 0
456 57342762 0
457 57438760 0
458 57577438 0
459 57716109 0
460 57812090 0
461 57950754 0
462 58089408 0
463 58185443 0
464 58324077 0
465 58462736 0
466 58548073 0
467 58697458 0
468 58836068 0
469 58974731 0
470 59060058 0
471 59198758 0
472 59348051 0
473 59433391 0
474 59572049 0
475 59710728 0
476 59806744 0
477 59945379 0
478 60084035 0
479 60180054 0
480 60318706 0
481 60457362 0
482 60596059 0
483 60692049 0
484 60830699 0
485 60969350 0
486 61065353 0
487 61204035 0
488 61342678 0
489 61428008 0
490 61566672 0
491 61716021 260
492 61977717 0
493 61977997 0
494 62078631 0
495 62217322 0
496 62355996 0
497 62505311 0
498 62590643 0
499 62729334 0
500 62867981 0
501 62963981 0
502 63102635 0
503 63241331 0
504 63337306 0
505 63475965 0
506 63614625 0
507 63710648 0
508 63849301 0
509 63987957 0
510 64126613 0
511 64222638 0
512 64361286 0
513 64499939 0
514 64585264 0
515 64734624 0
516 64873269 0
517 64958603 0
518 65097255 0
519 65235944 0
520 65331932 0
521 65470589 0
522 65609247 0
523 65747935 0
524 65843918 0
525 65982581 0
526 66121246 0
527 66217259 0
528 66355912 0
529 66494561 0
530 66590559 0
531 66729250 0
532 66867891 260
533 67137694 0
534 67137979 0
535 67241216 0
536 67379880 0
537 67518548 0
538 67657202 0
539 67753226 0
540 67891875 0
541 68030538 0
542 68115864 0
543 68254549 0
544 68393192 0
545 68489196 0
546 68627857 0
547 68766536 0
548 68862521 0
549 69001190 0
550 69139843 0
551 69278524 0
552 69374505 0
553 69513174 0
554 69651827 0
555 69747852 0
556 69886498 0
557 70025167 0
558 70121158 0
559 70259836 0
560 70398482 0
561 70483818 0
562 70622479 0
563 70771830 0
564 70910470 0
565 70995808 0
566 71134469 0
567 71273153 0
568 71369131 0
569 71507795 0
570 71646454 0
571 71742471 0
572 71881119 0
573 72019779 260
574 72287703 0
575 72287971 0
576 72393082 0
577 72531764 0
578 72670438 0
579 72809114 0
580 72905089 0
581 73043765 0
582 73182414 0
583 73278442 0
584 73417082 0
585 73555745 0
586 73641080 0
587 73790430 0
588 73929072 0
589 74014404 0
590 74153076 0
591 74291752 0
592 74430394 0
593 74526395 0
594 74665058 0
595 74803732 0
596 74899713 0
597 75038384 0
598 75177040 0
599 75273062 0
600 75411704 0
601 75550370 0
602 75646372 0
603 75785053 0
604 75923691 0
605 76062377 0
606 76158365 0
607 76297045 0
608 76435686 0
609 76521013 0
610 76659685 0
611 76798360 0
612 76894338 0
613 77033008 0
614 77171668 260
615 77437711 0
616 77438022 0
617 77544976 0
618 77683654 0
619 77822347 0
620 77960983 0
621 78056983 0
622 78195651 0
623 78334324 0
624 78430313 0
625 78568971 0
626 78707635 0
627 78803661 0
628 78942299 0
629 79080955 0
630 79176964 0
631 79315649 0
632 79454292 0
633 79592946 0
634 79678282 0
635 79816973 0
636 79966276 0
# stall_ms 260  spacing 41
